624,2104600	1,9862563	132,0000000
624,2549220	1,9861148	141,0000000
624,2993840	1,9859734	147,0000000
624,3438460	1,9858320	140,0000000
624,3883080	1,9856906	148,0000000
624,4327700	1,9855492	184,0000000
624,4772320	1,9854078	209,0000000
624,5216940	1,9852665	205,0000000
624,5661560	1,9851251	229,0000000
624,6106180	1,9849838	174,0000000
624,6550800	1,9848425	159,0000000
624,6995420	1,9847013	155,0000000
624,7440040	1,9845600	150,0000000
624,7884660	1,9844188	159,0000000
624,8329280	1,9842776	157,0000000
624,8773900	1,9841364	145,0000000
624,9218520	1,9839952	146,0000000
624,9663140	1,9838541	139,0000000
625,0107760	1,9837129	149,0000000
625,0552380	1,9835718	178,0000000
625,0997000	1,9834308	167,0000000
625,1441620	1,9832897	137,0000000
625,1886240	1,9831486	145,0000000
625,2330860	1,9830076	135,0000000
625,2775480	1,9828666	139,0000000
625,3220100	1,9827256	144,0000000
625,3664720	1,9825847	154,0000000
625,4109340	1,9824437	159,0000000
625,4553960	1,9823028	176,0000000
625,4998580	1,9821619	151,0000000
625,5443200	1,9820210	142,0000000
625,5887820	1,9818801	146,0000000
625,6332440	1,9817393	146,0000000
625,6777060	1,9815984	151,0000000
625,7221680	1,9814576	150,0000000
625,7666300	1,9813169	130,0000000
625,8110920	1,9811761	146,0000000
625,8555540	1,9810353	153,0000000
625,9000160	1,9808946	146,0000000
625,9444780	1,9807539	143,0000000
625,9889400	1,9806132	135,0000000
626,0334020	1,9804726	145,0000000
626,0778640	1,9803319	141,0000000
626,1223260	1,9801913	142,0000000
626,1667880	1,9800507	141,0000000
626,2112500	1,9799101	133,0000000
626,2557120	1,9797695	141,0000000
626,3001740	1,9796290	140,0000000
626,3446360	1,9794884	150,0000000
626,3890980	1,9793479	144,0000000
626,4335600	1,9792075	159,0000000
626,4780220	1,9790670	156,0000000
626,5224840	1,9789265	147,0000000
626,5669460	1,9787861	145,0000000
626,6114080	1,9786457	149,0000000
626,6558700	1,9785053	156,0000000
626,7003320	1,9783649	140,0000000
626,7447940	1,9782246	141,0000000
626,7892560	1,9780843	137,0000000
626,8337180	1,9779440	147,0000000
626,8781800	1,9778037	146,0000000
626,9226420	1,9776634	147,0000000
626,9671040	1,9775232	137,0000000
627,0115660	1,9773829	136,0000000
627,0560280	1,9772427	157,0000000
627,1004900	1,9771025	138,0000000
627,1449520	1,9769624	158,0000000
627,1894140	1,9768222	144,0000000
627,2338760	1,9766821	140,0000000
627,2783380	1,9765420	152,0000000
627,3228000	1,9764019	150,0000000
627,3672620	1,9762618	147,0000000
627,4117240	1,9761218	150,0000000
627,4561860	1,9759817	149,0000000
627,5006480	1,9758417	138,0000000
627,5451100	1,9757017	134,0000000
627,5895720	1,9755618	139,0000000
627,6340340	1,9754218	135,0000000
627,6784960	1,9752819	140,0000000
627,7229580	1,9751420	146,0000000
627,7674200	1,9750021	134,0000000
627,8118820	1,9748622	144,0000000
627,8563440	1,9747224	142,0000000
627,9008060	1,9745825	141,0000000
627,9452680	1,9744427	151,0000000
627,9897300	1,9743029	138,0000000
628,0341920	1,9741632	142,0000000
628,0786540	1,9740234	142,0000000
628,1231160	1,9738837	142,0000000
628,1675780	1,9737440	138,0000000
628,2120400	1,9736043	142,0000000
628,2565020	1,9734646	143,0000000
628,3009640	1,9733250	139,0000000
628,3454260	1,9731853	140,0000000
628,3898880	1,9730457	134,0000000
628,4343500	1,9729061	131,0000000
628,4788120	1,9727665	147,0000000
628,5232740	1,9726270	135,0000000
628,5677360	1,9724874	150,0000000
628,6121980	1,9723479	139,0000000
628,6566600	1,9722084	145,0000000
628,7011220	1,9720690	146,0000000
628,7455840	1,9719295	146,0000000
628,7900460	1,9717901	142,0000000
628,8345080	1,9716507	130,0000000
628,8789700	1,9715113	149,0000000
628,9234320	1,9713719	157,0000000
628,9678940	1,9712325	153,0000000
629,0123560	1,9710932	152,0000000
629,0568180	1,9709539	150,0000000
629,1012800	1,9708146	145,0000000
629,1457420	1,9706753	144,0000000
629,1902040	1,9705360	157,0000000
629,2346660	1,9703968	152,0000000
629,2791280	1,9702576	143,0000000
629,3235900	1,9701184	138,0000000
629,3680520	1,9699792	131,0000000
629,4125140	1,9698400	141,0000000
629,4569760	1,9697009	142,0000000
629,5014380	1,9695618	145,0000000
629,5459000	1,9694227	139,0000000
629,5903620	1,9692836	133,0000000
629,6348240	1,9691445	138,0000000
629,6792860	1,9690055	146,0000000
629,7237480	1,9688665	135,0000000
629,7682100	1,9687275	134,0000000
629,8126720	1,9685885	140,0000000
629,8571340	1,9684495	142,0000000
629,9015960	1,9683106	136,0000000
629,9460580	1,9681716	139,0000000
629,9905200	1,9680327	138,0000000
630,0349820	1,9678939	129,0000000
630,0794440	1,9677550	142,0000000
630,1239060	1,9676161	129,0000000
630,1683680	1,9674773	134,0000000
630,2128300	1,9673385	134,0000000
630,2572920	1,9671997	144,0000000
630,3017540	1,9670610	148,0000000
630,3462160	1,9669222	145,0000000
630,3906780	1,9667835	137,0000000
630,4351400	1,9666448	139,0000000
630,4796020	1,9665061	146,0000000
630,5240640	1,9663674	143,0000000
630,5685260	1,9662288	138,0000000
630,6129880	1,9660901	137,0000000
630,6574500	1,9659515	141,0000000
630,7019120	1,9658129	141,0000000
630,7463740	1,9656744	143,0000000
630,7908360	1,9655358	144,0000000
630,8352980	1,9653973	148,0000000
630,8797600	1,9652588	137,0000000
630,9242220	1,9651203	146,0000000
630,9686840	1,9649818	144,0000000
631,0131460	1,9648433	147,0000000
631,0576080	1,9647049	136,0000000
631,1020700	1,9645665	135,0000000
631,1465320	1,9644281	144,0000000
631,1909940	1,9642897	144,0000000
631,2354560	1,9641513	150,0000000
631,2799180	1,9640130	142,0000000
631,3243800	1,9638747	132,0000000
631,3688420	1,9637364	144,0000000
631,4133040	1,9635981	150,0000000
631,4577660	1,9634598	147,0000000
631,5022280	1,9633216	137,0000000
631,5466900	1,9631834	139,0000000
631,5911520	1,9630452	136,0000000
631,6356140	1,9629070	136,0000000
631,6800760	1,9627688	137,0000000
631,7245380	1,9626307	142,0000000
631,7690000	1,9624926	141,0000000
631,8134620	1,9623545	127,0000000
631,8579240	1,9622164	131,0000000
631,9023860	1,9620783	140,0000000
631,9468480	1,9619403	156,0000000
631,9913100	1,9618022	143,0000000
632,0357720	1,9616642	130,0000000
632,0802340	1,9615262	128,0000000
632,1246960	1,9613883	144,0000000
632,1691580	1,9612503	131,0000000
632,2136200	1,9611124	150,0000000
632,2580820	1,9609745	155,0000000
632,3025440	1,9608366	140,0000000
632,3470060	1,9606987	142,0000000
632,3914680	1,9605609	139,0000000
632,4359300	1,9604230	135,0000000
632,4803920	1,9602852	135,0000000
632,5248540	1,9601474	135,0000000
632,5693160	1,9600097	145,0000000
632,6137780	1,9598719	134,0000000
632,6582400	1,9597342	132,0000000
632,7027020	1,9595965	130,0000000
632,7471640	1,9594588	131,0000000
632,7916260	1,9593211	139,0000000
632,8360880	1,9591834	147,0000000
632,8805500	1,9590458	144,0000000
632,9250120	1,9589082	150,0000000
632,9694740	1,9587706	139,0000000
633,0139360	1,9586330	129,0000000
633,0583980	1,9584954	150,0000000
633,1028600	1,9583579	141,0000000
633,1473220	1,9582203	138,0000000
633,1917840	1,9580828	144,0000000
633,2362460	1,9579454	144,0000000
633,2807080	1,9578079	135,0000000
633,3251700	1,9576704	141,0000000
633,3696320	1,9575330	152,0000000
633,4140940	1,9573956	144,0000000
633,4585560	1,9572582	139,0000000
633,5030180	1,9571209	137,0000000
633,5474800	1,9569835	132,0000000
633,5919420	1,9568462	129,0000000
633,6364040	1,9567089	141,0000000
633,6808660	1,9565716	136,0000000
633,7253280	1,9564343	149,0000000
633,7697900	1,9562970	133,0000000
633,8142520	1,9561598	140,0000000
633,8587140	1,9560226	135,0000000
633,9031760	1,9558854	133,0000000
633,9476380	1,9557482	138,0000000
633,9921000	1,9556111	133,0000000
634,0365620	1,9554739	145,0000000
634,0810240	1,9553368	148,0000000
634,1254860	1,9551997	129,0000000
634,1699480	1,9550626	131,0000000
634,2144100	1,9549256	147,0000000
634,2588720	1,9547885	141,0000000
634,3033340	1,9546515	138,0000000
634,3477960	1,9545145	147,0000000
634,3922580	1,9543775	142,0000000
634,4367200	1,9542406	154,0000000
634,4811820	1,9541036	143,0000000
634,5256440	1,9539667	153,0000000
634,5701060	1,9538298	144,0000000
634,6145680	1,9536929	145,0000000
634,6590300	1,9535560	134,0000000
634,7034920	1,9534192	143,0000000
634,7479540	1,9532823	132,0000000
634,7924160	1,9531455	152,0000000
634,8368780	1,9530087	142,0000000
634,8813400	1,9528720	145,0000000
634,9258020	1,9527352	141,0000000
634,9702640	1,9525985	134,0000000
635,0147260	1,9524618	132,0000000
635,0591880	1,9523251	142,0000000
635,1036500	1,9521884	141,0000000
635,1481120	1,9520517	144,0000000
635,1925740	1,9519151	141,0000000
635,2370360	1,9517785	144,0000000
635,2814980	1,9516419	146,0000000
635,3259600	1,9515053	148,0000000
635,3704220	1,9513687	135,0000000
635,4148840	1,9512322	143,0000000
635,4593460	1,9510957	148,0000000
635,5038080	1,9509592	145,0000000
635,5482700	1,9508227	144,0000000
635,5927320	1,9506862	149,0000000
635,6371940	1,9505498	138,0000000
635,6816560	1,9504133	144,0000000
635,7261180	1,9502769	139,0000000
635,7705800	1,9501405	148,0000000
635,8150420	1,9500041	147,0000000
635,8595040	1,9498678	141,0000000
635,9039660	1,9497315	146,0000000
635,9484280	1,9495951	131,0000000
635,9928900	1,9494589	138,0000000
636,0373520	1,9493226	152,0000000
636,0818140	1,9491863	146,0000000
636,1262760	1,9490501	140,0000000
636,1707380	1,9489139	144,0000000
636,2152000	1,9487777	139,0000000
636,2596620	1,9486415	141,0000000
636,3041240	1,9485053	146,0000000
636,3485860	1,9483692	138,0000000
636,3930480	1,9482331	139,0000000
636,4375100	1,9480969	135,0000000
636,4819720	1,9479609	131,0000000
636,5264340	1,9478248	143,0000000
636,5708960	1,9476887	137,0000000
636,6153580	1,9475527	139,0000000
636,6598200	1,9474167	134,0000000
636,7042820	1,9472807	138,0000000
636,7487440	1,9471447	138,0000000
636,7932060	1,9470088	137,0000000
636,8376680	1,9468729	129,0000000
636,8821300	1,9467369	140,0000000
636,9265920	1,9466010	134,0000000
636,9710540	1,9464652	147,0000000
637,0155160	1,9463293	144,0000000
637,0599780	1,9461935	143,0000000
637,1044400	1,9460577	135,0000000
637,1489020	1,9459218	146,0000000
637,1933640	1,9457861	137,0000000
637,2378260	1,9456503	141,0000000
637,2822880	1,9455146	138,0000000
637,3267500	1,9453788	131,0000000
637,3712120	1,9452431	130,0000000
637,4156740	1,9451074	144,0000000
637,4601360	1,9449718	132,0000000
637,5045980	1,9448361	139,0000000
637,5490600	1,9447005	140,0000000
637,5935220	1,9445649	153,0000000
637,6379840	1,9444293	152,0000000
637,6824460	1,9442937	144,0000000
637,7269080	1,9441582	144,0000000
637,7713700	1,9440226	148,0000000
637,8158320	1,9438871	140,0000000
637,8602940	1,9437516	143,0000000
637,9047560	1,9436161	149,0000000
637,9492180	1,9434807	140,0000000
637,9936800	1,9433452	139,0000000
638,0381420	1,9432098	140,0000000
638,0826040	1,9430744	150,0000000
638,1270660	1,9429390	155,0000000
638,1715280	1,9428036	150,0000000
638,2159900	1,9426683	130,0000000
638,2604520	1,9425330	140,0000000
638,3049140	1,9423977	138,0000000
638,3493760	1,9422624	129,0000000
638,3938380	1,9421271	156,0000000
638,4383000	1,9419918	135,0000000
638,4827620	1,9418566	149,0000000
638,5272240	1,9417214	146,0000000
638,5716860	1,9415862	135,0000000
638,6161480	1,9414510	149,0000000
638,6606100	1,9413159	145,0000000
638,7050720	1,9411807	148,0000000
638,7495340	1,9410456	142,0000000
638,7939960	1,9409105	152,0000000
638,8384580	1,9407754	148,0000000
638,8829200	1,9406403	140,0000000
638,9273820	1,9405053	132,0000000
638,9718440	1,9403703	144,0000000
639,0163060	1,9402353	141,0000000
639,0607680	1,9401003	136,0000000
639,1052300	1,9399653	147,0000000
639,1496920	1,9398303	132,0000000
639,1941540	1,9396954	138,0000000
639,2386160	1,9395605	146,0000000
639,2830780	1,9394256	143,0000000
639,3275400	1,9392907	141,0000000
639,3720020	1,9391559	146,0000000
639,4164640	1,9390210	141,0000000
639,4609260	1,9388862	144,0000000
639,5053880	1,9387514	149,0000000
639,5498500	1,9386166	142,0000000
639,5943120	1,9384819	139,0000000
639,6387740	1,9383471	141,0000000
639,6832360	1,9382124	153,0000000
639,7276980	1,9380777	137,0000000
639,7721600	1,9379430	147,0000000
639,8166220	1,9378083	159,0000000
639,8610840	1,9376737	151,0000000
639,9055460	1,9375390	147,0000000
639,9500080	1,9374044	143,0000000
639,9944700	1,9372698	140,0000000
640,0389320	1,9371352	144,0000000
640,0833940	1,9370007	134,0000000
640,1278560	1,9368661	145,0000000
640,1723180	1,9367316	135,0000000
640,2167800	1,9365971	137,0000000
640,2612420	1,9364626	157,0000000
640,3057040	1,9363282	152,0000000
640,3501660	1,9361937	139,0000000
640,3946280	1,9360593	142,0000000
640,4390900	1,9359249	138,0000000
640,4835520	1,9357905	145,0000000
640,5280140	1,9356561	131,0000000
640,5724760	1,9355218	137,0000000
640,6169380	1,9353874	146,0000000
640,6614000	1,9352531	136,0000000
640,7058620	1,9351188	135,0000000
640,7503240	1,9349845	130,0000000
640,7947860	1,9348503	141,0000000
640,8392480	1,9347160	141,0000000
640,8837100	1,9345818	146,0000000
640,9281720	1,9344476	144,0000000
640,9726340	1,9343134	143,0000000
641,0170960	1,9341793	130,0000000
641,0615580	1,9340451	143,0000000
641,1060200	1,9339110	136,0000000
641,1504820	1,9337769	145,0000000
641,1949440	1,9336428	151,0000000
641,2394060	1,9335087	149,0000000
641,2838680	1,9333746	151,0000000
641,3283300	1,9332406	147,0000000
641,3727920	1,9331066	140,0000000
641,4172540	1,9329726	140,0000000
641,4617160	1,9328386	151,0000000
641,5061780	1,9327046	136,0000000
641,5506400	1,9325707	150,0000000
641,5951020	1,9324368	143,0000000
641,6395640	1,9323029	145,0000000
641,6840260	1,9321690	149,0000000
641,7284880	1,9320351	140,0000000
641,7729500	1,9319013	141,0000000
641,8174120	1,9317674	146,0000000
641,8618740	1,9316336	153,0000000
641,9063360	1,9314998	148,0000000
641,9507980	1,9313660	147,0000000
641,9952600	1,9312323	138,0000000
642,0397220	1,9310985	144,0000000
642,0841840	1,9309648	141,0000000
642,1286460	1,9308311	141,0000000
642,1731080	1,9306974	134,0000000
642,2175700	1,9305638	139,0000000
642,2620320	1,9304301	141,0000000
642,3064940	1,9302965	136,0000000
642,3509560	1,9301629	143,0000000
642,3954180	1,9300293	142,0000000
642,4398800	1,9298957	151,0000000
642,4843420	1,9297622	137,0000000
642,5288040	1,9296286	149,0000000
642,5732660	1,9294951	138,0000000
642,6177280	1,9293616	144,0000000
642,6621900	1,9292281	138,0000000
642,7066520	1,9290947	131,0000000
642,7511140	1,9289612	139,0000000
642,7955760	1,9288278	142,0000000
642,8400380	1,9286944	144,0000000
642,8845000	1,9285610	147,0000000
642,9289620	1,9284276	150,0000000
642,9734240	1,9282943	144,0000000
643,0178860	1,9281609	147,0000000
643,0623480	1,9280276	148,0000000
643,1068100	1,9278943	151,0000000
643,1512720	1,9277610	148,0000000
643,1957340	1,9276278	145,0000000
643,2401960	1,9274945	133,0000000
643,2846580	1,9273613	141,0000000
643,3291200	1,9272281	154,0000000
643,3735820	1,9270949	138,0000000
643,4180440	1,9269618	147,0000000
643,4625060	1,9268286	147,0000000
643,5069680	1,9266955	150,0000000
643,5514300	1,9265624	145,0000000
643,5958920	1,9264293	143,0000000
643,6403540	1,9262962	154,0000000
643,6848160	1,9261631	153,0000000
643,7292780	1,9260301	152,0000000
643,7737400	1,9258971	148,0000000
643,8182020	1,9257641	146,0000000
643,8626640	1,9256311	138,0000000
643,9071260	1,9254981	140,0000000
643,9515880	1,9253652	151,0000000
643,9960500	1,9252323	142,0000000
644,0405120	1,9250993	152,0000000
644,0849740	1,9249665	152,0000000
644,1294360	1,9248336	148,0000000
644,1738980	1,9247007	143,0000000
644,2183600	1,9245679	135,0000000
644,2628220	1,9244351	148,0000000
644,3072840	1,9243023	142,0000000
644,3517460	1,9241695	148,0000000
644,3962080	1,9240367	138,0000000
644,4406700	1,9239040	148,0000000
644,4851320	1,9237713	141,0000000
644,5295940	1,9236385	169,0000000
644,5740560	1,9235059	136,0000000
644,6185180	1,9233732	152,0000000
644,6629800	1,9232405	154,0000000
644,7074420	1,9231079	150,0000000
644,7519040	1,9229753	155,0000000
644,7963660	1,9228427	157,0000000
644,8408280	1,9227101	157,0000000
644,8852900	1,9225775	156,0000000
644,9297520	1,9224450	143,0000000
644,9742140	1,9223125	153,0000000
645,0186760	1,9221800	148,0000000
645,0631380	1,9220475	158,0000000
645,1076000	1,9219150	163,0000000
645,1520620	1,9217825	163,0000000
645,1965240	1,9216501	161,0000000
645,2409860	1,9215177	157,0000000
645,2854480	1,9213853	169,0000000
645,3299100	1,9212529	167,0000000
645,3743720	1,9211206	159,0000000
645,4188340	1,9209882	161,0000000
645,4632960	1,9208559	154,0000000
645,5077580	1,9207236	173,0000000
645,5522200	1,9205913	161,0000000
645,5966820	1,9204590	162,0000000
645,6411440	1,9203268	164,0000000
645,6856060	1,9201945	162,0000000
645,7300680	1,9200623	159,0000000
645,7745300	1,9199301	158,0000000
645,8189920	1,9197979	149,0000000
645,8634540	1,9196658	157,0000000
645,9079160	1,9195336	169,0000000
645,9523780	1,9194015	158,0000000
645,9968400	1,9192694	172,0000000
646,0413020	1,9191373	170,0000000
646,0857640	1,9190052	162,0000000
646,1302260	1,9188732	169,0000000
646,1746880	1,9187412	163,0000000
646,2191500	1,9186091	169,0000000
646,2636120	1,9184771	172,0000000
646,3080740	1,9183452	175,0000000
646,3525360	1,9182132	166,0000000
646,3969980	1,9180813	189,0000000
646,4414600	1,9179493	182,0000000
646,4859220	1,9178174	183,0000000
646,5303840	1,9176855	185,0000000
646,5748460	1,9175537	188,0000000
646,6193080	1,9174218	174,0000000
646,6637700	1,9172900	182,0000000
646,7082320	1,9171582	183,0000000
646,7526940	1,9170264	182,0000000
646,7971560	1,9168946	172,0000000
646,8416180	1,9167628	190,0000000
646,8860800	1,9166311	185,0000000
646,9305420	1,9164994	219,0000000
646,9750040	1,9163677	193,0000000
647,0194660	1,9162360	208,0000000
647,0639280	1,9161043	205,0000000
647,1083900	1,9159726	214,0000000
647,1528520	1,9158410	196,0000000
647,1973140	1,9157094	201,0000000
647,2417760	1,9155778	204,0000000
647,2862380	1,9154462	196,0000000
647,3307000	1,9153146	218,0000000
647,3751620	1,9151831	207,0000000
647,4196240	1,9150516	219,0000000
647,4640860	1,9149201	207,0000000
647,5085480	1,9147886	218,0000000
647,5530100	1,9146571	206,0000000
647,5974720	1,9145256	235,0000000
647,6419340	1,9143942	230,0000000
647,6863960	1,9142628	222,0000000
647,7308580	1,9141314	228,0000000
647,7753200	1,9140000	221,0000000
647,8197820	1,9138686	229,0000000
647,8642440	1,9137373	240,0000000
647,9087060	1,9136060	239,0000000
647,9531680	1,9134747	231,0000000
647,9976300	1,9133434	234,0000000
648,0420920	1,9132121	251,0000000
648,0865540	1,9130808	239,0000000
648,1310160	1,9129496	253,0000000
648,1754780	1,9128184	241,0000000
648,2199400	1,9126872	242,0000000
648,2644020	1,9125560	272,0000000
648,3088640	1,9124248	265,0000000
648,3533260	1,9122937	253,0000000
648,3977880	1,9121626	254,0000000
648,4422500	1,9120314	245,0000000
648,4867120	1,9119003	256,0000000
648,5311740	1,9117693	290,0000000
648,5756360	1,9116382	280,0000000
648,6200980	1,9115072	262,0000000
648,6645600	1,9113762	283,0000000
648,7090220	1,9112451	277,0000000
648,7534840	1,9111142	294,0000000
648,7979460	1,9109832	327,0000000
648,8424080	1,9108522	320,0000000
648,8868700	1,9107213	315,0000000
648,9313320	1,9105904	346,0000000
648,9757940	1,9104595	308,0000000
649,0202560	1,9103286	378,0000000
649,0647180	1,9101978	360,0000000
649,1091800	1,9100669	371,0000000
649,1536420	1,9099361	375,0000000
649,1981040	1,9098053	384,0000000
649,2425660	1,9096745	389,0000000
649,2870280	1,9095437	416,0000000
649,3314900	1,9094130	424,0000000
649,3759520	1,9092822	434,0000000
649,4204140	1,9091515	449,0000000
649,4648760	1,9090208	463,0000000
649,5093380	1,9088901	453,0000000
649,5538000	1,9087595	493,0000000
649,5982620	1,9086288	516,0000000
649,6427240	1,9084982	477,0000000
649,6871860	1,9083676	547,0000000
649,7316480	1,9082370	557,0000000
649,7761100	1,9081064	607,0000000
649,8205720	1,9079759	609,0000000
649,8650340	1,9078453	596,0000000
649,9094960	1,9077148	690,0000000
649,9539580	1,9075843	717,0000000
649,9984200	1,9074538	764,0000000
650,0428820	1,9073234	720,0000000
650,0873440	1,9071929	812,0000000
650,1318060	1,9070625	822,0000000
650,1762680	1,9069321	873,0000000
650,2207300	1,9068017	937,0000000
650,2651920	1,9066713	939,0000000
650,3096540	1,9065409	980,0000000
650,3541160	1,9064106	1024,0000000
650,3985780	1,9062803	1121,0000000
650,4430400	1,9061500	1147,0000000
650,4875020	1,9060197	1190,0000000
650,5319640	1,9058894	1307,0000000
650,5764260	1,9057591	1420,0000000
650,6208880	1,9056289	1495,0000000
650,6653500	1,9054987	1467,0000000
650,7098120	1,9053685	1641,0000000
650,7542740	1,9052383	1602,0000000
650,7987360	1,9051081	1763,0000000
650,8431980	1,9049780	1963,0000000
650,8876600	1,9048479	2018,0000000
650,9321220	1,9047178	2102,0000000
650,9765840	1,9045877	2339,0000000
651,0210460	1,9044576	2470,0000000
651,0655080	1,9043275	2545,0000000
651,1099700	1,9041975	2722,0000000
651,1544320	1,9040675	2759,0000000
651,1988940	1,9039375	2817,0000000
651,2433560	1,9038075	3047,0000000
651,2878180	1,9036775	3113,0000000
651,3322800	1,9035476	3377,0000000
651,3767420	1,9034176	3458,0000000
651,4212040	1,9032877	3609,0000000
651,4656660	1,9031578	3781,0000000
651,5101280	1,9030279	4042,0000000
651,5545900	1,9028981	4334,0000000
651,5990520	1,9027682	4393,0000000
651,6435140	1,9026384	4549,0000000
651,6879760	1,9025086	4751,0000000
651,7324380	1,9023788	5169,0000000
651,7769000	1,9022490	5356,0000000
651,8213620	1,9021193	5668,0000000
651,8658240	1,9019895	5816,0000000
651,9102860	1,9018598	6307,0000000
651,9547480	1,9017301	7103,0000000
651,9992100	1,9016004	7461,0000000
652,0436720	1,9014707	7476,0000000
652,0881340	1,9013411	7611,0000000
652,1325960	1,9012115	7918,0000000
652,1770580	1,9010819	8399,0000000
652,2215200	1,9009523	8893,0000000
652,2659820	1,9008227	9640,0000000
652,3104440	1,9006931	10021,0000000
652,3549060	1,9005636	10370,0000000
652,3993680	1,9004340	10691,0000000
652,4438300	1,9003045	11186,0000000
652,4882920	1,9001750	11665,0000000
652,5327540	1,9000456	12752,0000000
652,5772160	1,8999161	13884,0000000
652,6216780	1,8997867	14082,0000000
652,6661400	1,8996573	14057,0000000
652,7106020	1,8995279	14066,0000000
652,7550640	1,8993985	14652,0000000
652,7995260	1,8992691	15710,0000000
652,8439880	1,8991398	15921,0000000
652,8884500	1,8990104	16801,0000000
652,9329120	1,8988811	18766,0000000
652,9773740	1,8987518	20160,0000000
653,0218360	1,8986225	19747,0000000
653,0662980	1,8984933	19577,0000000
653,1107600	1,8983640	20263,0000000
653,1552220	1,8982348	20766,0000000
653,1996840	1,8981056	21451,0000000
653,2441460	1,8979764	21883,0000000
653,2886080	1,8978472	22879,0000000
653,3330700	1,8977181	24086,0000000
653,3775320	1,8975889	24781,0000000
653,4219940	1,8974598	25163,0000000
653,4664560	1,8973307	26536,0000000
653,5109180	1,8972016	27357,0000000
653,5553800	1,8970725	27332,0000000
653,5998420	1,8969435	27282,0000000
653,6443040	1,8968145	28616,0000000
653,6887660	1,8966854	30119,0000000
653,7332280	1,8965564	30837,0000000
653,7776900	1,8964275	30706,0000000
653,8221520	1,8962985	30615,0000000
653,8666140	1,8961696	30242,0000000
653,9110760	1,8960406	30938,0000000
653,9555380	1,8959117	32542,0000000
654,0000000	1,8957828	34197,0000000
654,0444620	1,8956540	35008,0000000
654,0889240	1,8955251	36189,0000000
654,1333860	1,8953963	37832,0000000
654,1778480	1,8952674	36131,0000000
654,2223100	1,8951386	34661,0000000
654,2667720	1,8950098	35159,0000000
654,3112340	1,8948811	37036,0000000
654,3556960	1,8947523	37523,0000000
654,4001580	1,8946236	38638,0000000
654,4446200	1,8944949	39436,0000000
654,4890820	1,8943662	39908,0000000
654,5335440	1,8942375	40021,0000000
654,5780060	1,8941088	40728,0000000
654,6224680	1,8939802	42141,0000000
654,6669300	1,8938515	42068,0000000
654,7113920	1,8937229	40793,0000000
654,7558540	1,8935943	40176,0000000
654,8003160	1,8934657	40421,0000000
654,8447780	1,8933372	39710,0000000
654,8892400	1,8932086	41978,0000000
654,9337020	1,8930801	44702,0000000
654,9781640	1,8929516	40708,0000000
655,0226260	1,8928231	39358,0000000
655,0670880	1,8926946	39682,0000000
655,1115500	1,8925662	43305,0000000
655,1560120	1,8924378	44675,0000000
655,2004740	1,8923093	42494,0000000
655,2449360	1,8921809	40282,0000000
655,2893980	1,8920525	39324,0000000
655,3338600	1,8919242	38474,0000000
655,3783220	1,8917958	38278,0000000
655,4227840	1,8916675	37865,0000000
655,4672460	1,8915392	35973,0000000
655,5117080	1,8914109	35468,0000000
655,5561700	1,8912826	38196,0000000
655,6006320	1,8911543	40568,0000000
655,6450940	1,8910261	40433,0000000
655,6895560	1,8908978	40244,0000000
655,7340180	1,8907696	36247,0000000
655,7784800	1,8906414	34750,0000000
655,8229420	1,8905133	35678,0000000
655,8674040	1,8903851	34648,0000000
655,9118660	1,8902570	32773,0000000
655,9563280	1,8901288	31292,0000000
656,0007900	1,8900007	31737,0000000
656,0452520	1,8898726	29959,0000000
656,0897140	1,8897446	29615,0000000
656,1341760	1,8896165	31887,0000000
656,1786380	1,8894885	32991,0000000
656,2231000	1,8893604	32434,0000000
656,2675620	1,8892324	30233,0000000
656,3120240	1,8891045	29233,0000000
656,3564860	1,8889765	27530,0000000
656,4009480	1,8888485	24996,0000000
656,4454100	1,8887206	23207,0000000
656,4898720	1,8885927	24035,0000000
656,5343340	1,8884648	25606,0000000
656,5787960	1,8883369	22853,0000000
656,6232580	1,8882090	20841,0000000
656,6677200	1,8880812	20492,0000000
656,7121820	1,8879534	21350,0000000
656,7566440	1,8878255	22453,0000000
656,8011060	1,8876978	22402,0000000
656,8455680	1,8875700	21312,0000000
656,8900300	1,8874422	20156,0000000
656,9344920	1,8873145	19937,0000000
656,9789540	1,8871867	19496,0000000
657,0234160	1,8870590	19158,0000000
657,0678780	1,8869313	17361,0000000
657,1123400	1,8868037	15105,0000000
657,1568020	1,8866760	14624,0000000
657,2012640	1,8865484	13612,0000000
657,2457260	1,8864207	14061,0000000
657,2901880	1,8862931	15375,0000000
657,3346500	1,8861655	14457,0000000
657,3791120	1,8860380	14055,0000000
657,4235740	1,8859104	15376,0000000
657,4680360	1,8857829	13816,0000000
657,5124980	1,8856554	12106,0000000
657,5569600	1,8855279	12439,0000000
657,6014220	1,8854004	11047,0000000
657,6458840	1,8852729	10320,0000000
657,6903460	1,8851455	10153,0000000
657,7348080	1,8850180	11195,0000000
657,7792700	1,8848906	11045,0000000
657,8237320	1,8847632	11627,0000000
657,8681940	1,8846358	11717,0000000
657,9126560	1,8845085	9702,0000000
657,9571180	1,8843811	7264,0000000
658,0015800	1,8842538	7126,0000000
658,0460420	1,8841265	8480,0000000
658,0905040	1,8839992	8022,0000000
658,1349660	1,8838719	6706,0000000
658,1794280	1,8837446	5955,0000000
658,2238900	1,8836174	5057,0000000
658,2683520	1,8834902	4486,0000000
658,3128140	1,8833630	4952,0000000
658,3572760	1,8832358	5720,0000000
658,4017380	1,8831086	4923,0000000
658,4462000	1,8829814	3858,0000000
658,4906620	1,8828543	3629,0000000
658,5351240	1,8827272	4094,0000000
658,5795860	1,8826001	4114,0000000
658,6240480	1,8824730	3189,0000000
658,6685100	1,8823459	2890,0000000
658,7129720	1,8822188	3168,0000000
658,7574340	1,8820918	3017,0000000
658,8018960	1,8819648	2732,0000000
658,8463580	1,8818378	2904,0000000
658,8908200	1,8817108	2767,0000000
658,9352820	1,8815838	2747,0000000
658,9797440	1,8814569	3053,0000000
659,0242060	1,8813299	3409,0000000
659,0686680	1,8812030	4457,0000000
659,1131300	1,8810761	4902,0000000
659,1575920	1,8809492	3314,0000000
659,2020540	1,8808224	2385,0000000
659,2465160	1,8806955	2055,0000000
659,2909780	1,8805687	1934,0000000
659,3354400	1,8804419	2978,0000000
659,3799020	1,8803151	4518,0000000
659,4243640	1,8801883	3513,0000000
659,4688260	1,8800615	1828,0000000
659,5132880	1,8799348	1464,0000000
659,5577500	1,8798081	1351,0000000
659,6022120	1,8796813	1291,0000000
659,6466740	1,8795546	1253,0000000
659,6911360	1,8794280	1423,0000000
659,7355980	1,8793013	1942,0000000
659,7800600	1,8791747	1715,0000000
659,8245220	1,8790480	1329,0000000
659,8689840	1,8789214	1065,0000000
659,9134460	1,8787948	938,0000000
659,9579080	1,8786683	874,0000000
660,0023700	1,8785417	850,0000000
660,0468320	1,8784152	988,0000000
660,0912940	1,8782886	1181,0000000
660,1357560	1,8781621	1006,0000000
660,1802180	1,8780356	1256,0000000
660,2246800	1,8779092	2170,0000000
660,2691420	1,8777827	2117,0000000
660,3136040	1,8776563	1697,0000000
660,3580660	1,8775298	1672,0000000
660,4025280	1,8774034	2129,0000000
660,4469900	1,8772770	1709,0000000
660,4914520	1,8771507	906,0000000
660,5359140	1,8770243	723,0000000
660,5803760	1,8768980	714,0000000
660,6248380	1,8767717	664,0000000
660,6693000	1,8766454	569,0000000
660,7137620	1,8765191	589,0000000
660,7582240	1,8763928	541,0000000
660,8026860	1,8762665	610,0000000
660,8471480	1,8761403	734,0000000
660,8916100	1,8760141	795,0000000
660,9360720	1,8758879	628,0000000
660,9805340	1,8757617	792,0000000
661,0249960	1,8756355	972,0000000
661,0694580	1,8755094	730,0000000
661,1139200	1,8753832	655,0000000
661,1583820	1,8752571	523,0000000
661,2028440	1,8751310	495,0000000
661,2473060	1,8750049	463,0000000
661,2917680	1,8748789	579,0000000
661,3362300	1,8747528	723,0000000
661,3806920	1,8746268	665,0000000
661,4251540	1,8745008	516,0000000
661,4696160	1,8743748	478,0000000
661,5140780	1,8742488	422,0000000
661,5585400	1,8741228	415,0000000
661,6030020	1,8739969	384,0000000
661,6474640	1,8738710	343,0000000
661,6919260	1,8737450	315,0000000
661,7363880	1,8736192	310,0000000
661,7808500	1,8734933	321,0000000
661,8253120	1,8733674	299,0000000
661,8697740	1,8732416	308,0000000
661,9142360	1,8731157	350,0000000
661,9586980	1,8729899	353,0000000
662,0031600	1,8728641	441,0000000
662,0476220	1,8727383	446,0000000
662,0920840	1,8726126	484,0000000
662,1365460	1,8724868	364,0000000
662,1810080	1,8723611	285,0000000
662,2254700	1,8722354	292,0000000
662,2699320	1,8721097	287,0000000
662,3143940	1,8719840	258,0000000
662,3588560	1,8718584	249,0000000
662,4033180	1,8717327	268,0000000
662,4477800	1,8716071	256,0000000
662,4922420	1,8714815	264,0000000
662,5367040	1,8713559	243,0000000
662,5811660	1,8712303	231,0000000
662,6256280	1,8711048	252,0000000
662,6700900	1,8709792	229,0000000
662,7145520	1,8708537	218,0000000
662,7590140	1,8707282	215,0000000
662,8034760	1,8706027	235,0000000
662,8479380	1,8704772	231,0000000
662,8924000	1,8703518	238,0000000
662,9368620	1,8702263	224,0000000
662,9813240	1,8701009	209,0000000
663,0257860	1,8699755	223,0000000
663,0702480	1,8698501	184,0000000
663,1147100	1,8697247	214,0000000
663,1591720	1,8695994	213,0000000
663,2036340	1,8694740	219,0000000
663,2480960	1,8693487	209,0000000
663,2925580	1,8692234	206,0000000
663,3370200	1,8690981	206,0000000
663,3814820	1,8689728	205,0000000
663,4259440	1,8688476	192,0000000
663,4704060	1,8687223	204,0000000
663,5148680	1,8685971	195,0000000
663,5593300	1,8684719	217,0000000
663,6037920	1,8683467	188,0000000
663,6482540	1,8682216	210,0000000
663,6927160	1,8680964	204,0000000
663,7371780	1,8679713	217,0000000
663,7816400	1,8678461	208,0000000
663,8261020	1,8677210	210,0000000
663,8705640	1,8675959	225,0000000
663,9150260	1,8674709	213,0000000
663,9594880	1,8673458	201,0000000
664,0039500	1,8672208	205,0000000
664,0484120	1,8670958	197,0000000
664,0928740	1,8669707	185,0000000
664,1373360	1,8668458	195,0000000
664,1817980	1,8667208	204,0000000
664,2262600	1,8665958	209,0000000
664,2707220	1,8664709	202,0000000
664,3151840	1,8663460	192,0000000
664,3596460	1,8662211	204,0000000
664,4041080	1,8660962	217,0000000
664,4485700	1,8659713	201,0000000
664,4930320	1,8658465	202,0000000
664,5374940	1,8657216	190,0000000
664,5819560	1,8655968	206,0000000
664,6264180	1,8654720	190,0000000
664,6708800	1,8653472	201,0000000
664,7153420	1,8652224	186,0000000
664,7598040	1,8650977	197,0000000
664,8042660	1,8649729	191,0000000
664,8487280	1,8648482	191,0000000
664,8931900	1,8647235	194,0000000
664,9376520	1,8645988	200,0000000
664,9821140	1,8644742	194,0000000
665,0265760	1,8643495	212,0000000
665,0710380	1,8642249	191,0000000
665,1155000	1,8641003	198,0000000
665,1599620	1,8639756	192,0000000
665,2044240	1,8638511	201,0000000
665,2488860	1,8637265	176,0000000
665,2933480	1,8636019	194,0000000
665,3378100	1,8634774	187,0000000
665,3822720	1,8633529	193,0000000
665,4267340	1,8632284	186,0000000
665,4711960	1,8631039	192,0000000
665,5156580	1,8629794	190,0000000
665,5601200	1,8628550	224,0000000
665,6045820	1,8627305	208,0000000
665,6490440	1,8626061	212,0000000
665,6935060	1,8624817	192,0000000
665,7379680	1,8623573	200,0000000
665,7824300	1,8622329	199,0000000
665,8268920	1,8621086	200,0000000
665,8713540	1,8619842	210,0000000
665,9158160	1,8618599	190,0000000
665,9602780	1,8617356	198,0000000
666,0047400	1,8616113	188,0000000
666,0492020	1,8614871	205,0000000
666,0936640	1,8613628	202,0000000
666,1381260	1,8612386	181,0000000
666,1825880	1,8611143	219,0000000
666,2270500	1,8609901	208,0000000
666,2715120	1,8608659	208,0000000
666,3159740	1,8607418	209,0000000
666,3604360	1,8606176	190,0000000
666,4048980	1,8604935	194,0000000
666,4493600	1,8603694	200,0000000
666,4938220	1,8602453	203,0000000
666,5382840	1,8601212	272,0000000
666,5827460	1,8599971	315,0000000
666,6272080	1,8598730	384,0000000
666,6716700	1,8597490	414,0000000
666,7161320	1,8596250	354,0000000
666,7605940	1,8595010	245,0000000
666,8050560	1,8593770	215,0000000
666,8495180	1,8592530	218,0000000
666,8939800	1,8591290	215,0000000
666,9384420	1,8590051	198,0000000
666,9829040	1,8588812	202,0000000
667,0273660	1,8587573	198,0000000
667,0718280	1,8586334	217,0000000
667,1162900	1,8585095	205,0000000
667,1607520	1,8583857	220,0000000
667,2052140	1,8582618	207,0000000
667,2496760	1,8581380	202,0000000
667,2941380	1,8580142	210,0000000
667,3386000	1,8578904	208,0000000
667,3830620	1,8577666	201,0000000
667,4275240	1,8576429	209,0000000
667,4719860	1,8575191	195,0000000
667,5164480	1,8573954	201,0000000
667,5609100	1,8572717	200,0000000
667,6053720	1,8571480	215,0000000
667,6498340	1,8570243	208,0000000
667,6942960	1,8569006	198,0000000
667,7387580	1,8567770	222,0000000
667,7832200	1,8566534	195,0000000
667,8276820	1,8565298	195,0000000
667,8721440	1,8564062	215,0000000
667,9166060	1,8562826	201,0000000
667,9610680	1,8561590	208,0000000
668,0055300	1,8560355	206,0000000
668,0499920	1,8559120	201,0000000
668,0944540	1,8557884	190,0000000
668,1389160	1,8556650	204,0000000
668,1833780	1,8555415	211,0000000
668,2278400	1,8554180	217,0000000
668,2723020	1,8552946	201,0000000
668,3167640	1,8551711	210,0000000
668,3612260	1,8550477	201,0000000
668,4056880	1,8549243	195,0000000
668,4501500	1,8548009	192,0000000
668,4946120	1,8546776	194,0000000
668,5390740	1,8545542	208,0000000
668,5835360	1,8544309	210,0000000
668,6279980	1,8543076	188,0000000
668,6724600	1,8541843	191,0000000
668,7169220	1,8540610	202,0000000
668,7613840	1,8539377	204,0000000
668,8058460	1,8538145	210,0000000
668,8503080	1,8536913	203,0000000
668,8947700	1,8535680	194,0000000
668,9392320	1,8534448	208,0000000
668,9836940	1,8533217	211,0000000
669,0281560	1,8531985	191,0000000
669,0726180	1,8530753	205,0000000
669,1170800	1,8529522	203,0000000
669,1615420	1,8528291	206,0000000
669,2060040	1,8527060	194,0000000
669,2504660	1,8525829	207,0000000
669,2949280	1,8524598	190,0000000
669,3393900	1,8523368	207,0000000
669,3838520	1,8522137	221,0000000
669,4283140	1,8520907	222,0000000
669,4727760	1,8519677	202,0000000
669,5172380	1,8518447	198,0000000
669,5617000	1,8517218	207,0000000
669,6061620	1,8515988	193,0000000
669,6506240	1,8514759	210,0000000
669,6950860	1,8513529	207,0000000
669,7395480	1,8512300	187,0000000
669,7840100	1,8511072	193,0000000
669,8284720	1,8509843	181,0000000
669,8729340	1,8508614	182,0000000
669,9173960	1,8507386	202,0000000
669,9618580	1,8506158	211,0000000
670,0063200	1,8504929	202,0000000
670,0507820	1,8503702	208,0000000
670,0952440	1,8502474	192,0000000
670,1397060	1,8501246	192,0000000
670,1841680	1,8500019	204,0000000
670,2286300	1,8498792	200,0000000
670,2730920	1,8497564	199,0000000
670,3175540	1,8496337	185,0000000
670,3620160	1,8495111	202,0000000
670,4064780	1,8493884	187,0000000
670,4509400	1,8492658	196,0000000
670,4954020	1,8491431	207,0000000
670,5398640	1,8490205	215,0000000
670,5843260	1,8488979	188,0000000
670,6287880	1,8487753	190,0000000
670,6732500	1,8486528	193,0000000
670,7177120	1,8485302	196,0000000
670,7621740	1,8484077	179,0000000
670,8066360	1,8482852	184,0000000
670,8510980	1,8481627	190,0000000
670,8955600	1,8480402	179,0000000
670,9400220	1,8479177	185,0000000
670,9844840	1,8477953	190,0000000
671,0289460	1,8476729	192,0000000
671,0734080	1,8475504	189,0000000
671,1178700	1,8474280	183,0000000
671,1623320	1,8473057	191,0000000
671,2067940	1,8471833	171,0000000
671,2512560	1,8470609	183,0000000
671,2957180	1,8469386	196,0000000
671,3401800	1,8468163	210,0000000
671,3846420	1,8466940	194,0000000
671,4291040	1,8465717	207,0000000
671,4735660	1,8464494	190,0000000
671,5180280	1,8463272	196,0000000
671,5624900	1,8462049	192,0000000
671,6069520	1,8460827	179,0000000
671,6514140	1,8459605	190,0000000
671,6958760	1,8458383	188,0000000
671,7403380	1,8457161	195,0000000
671,7848000	1,8455940	186,0000000
671,8292620	1,8454718	207,0000000
671,8737240	1,8453497	190,0000000
671,9181860	1,8452276	177,0000000
671,9626480	1,8451055	201,0000000
672,0071100	1,8449834	197,0000000
672,0515720	1,8448613	182,0000000
672,0960340	1,8447393	205,0000000
672,1404960	1,8446173	186,0000000
672,1849580	1,8444953	196,0000000
672,2294200	1,8443733	191,0000000
672,2738820	1,8442513	183,0000000
672,3183440	1,8441293	201,0000000
672,3628060	1,8440074	193,0000000
672,4072680	1,8438854	188,0000000
672,4517300	1,8437635	185,0000000
672,4961920	1,8436416	194,0000000
672,5406540	1,8435197	201,0000000
672,5851160	1,8433979	204,0000000
672,6295780	1,8432760	183,0000000
672,6740400	1,8431542	196,0000000
672,7185020	1,8430324	196,0000000
672,7629640	1,8429106	192,0000000
672,8074260	1,8427888	190,0000000
672,8518880	1,8426670	192,0000000
672,8963500	1,8425452	190,0000000
672,9408120	1,8424235	188,0000000
672,9852740	1,8423018	193,0000000
673,0297360	1,8421801	189,0000000
673,0741980	1,8420584	201,0000000
673,1186600	1,8419367	192,0000000
673,1631220	1,8418151	210,0000000
673,2075840	1,8416934	221,0000000
673,2520460	1,8415718	197,0000000
673,2965080	1,8414502	202,0000000
673,3409700	1,8413286	197,0000000
673,3854320	1,8412070	196,0000000
673,4298940	1,8410854	193,0000000
673,4743560	1,8409639	193,0000000
673,5188180	1,8408424	202,0000000
673,5632800	1,8407208	212,0000000
673,6077420	1,8405993	194,0000000
673,6522040	1,8404779	205,0000000
673,6966660	1,8403564	216,0000000
673,7411280	1,8402349	212,0000000
673,7855900	1,8401135	209,0000000
673,8300520	1,8399921	202,0000000
673,8745140	1,8398707	207,0000000
673,9189760	1,8397493	196,0000000
673,9634380	1,8396279	195,0000000
674,0079000	1,8395066	198,0000000
674,0523620	1,8393852	188,0000000
674,0968240	1,8392639	213,0000000
674,1412860	1,8391426	204,0000000
674,1857480	1,8390213	212,0000000
674,2302100	1,8389001	205,0000000
674,2746720	1,8387788	197,0000000
674,3191340	1,8386576	217,0000000
674,3635960	1,8385363	203,0000000
674,4080580	1,8384151	184,0000000
674,4525200	1,8382939	204,0000000
674,4969820	1,8381727	210,0000000
674,5414440	1,8380516	203,0000000
674,5859060	1,8379304	222,0000000
674,6303680	1,8378093	203,0000000
674,6748300	1,8376882	218,0000000
674,7192920	1,8375671	199,0000000
674,7637540	1,8374460	216,0000000
674,8082160	1,8373249	200,0000000
674,8526780	1,8372039	201,0000000
674,8971400	1,8370829	181,0000000
674,9416020	1,8369618	204,0000000
674,9860640	1,8368408	202,0000000
675,0305260	1,8367199	192,0000000
675,0749880	1,8365989	204,0000000
675,1194500	1,8364779	228,0000000
675,1639120	1,8363570	208,0000000
675,2083740	1,8362361	214,0000000
675,2528360	1,8361152	199,0000000
675,2972980	1,8359943	199,0000000
675,3417600	1,8358734	221,0000000
675,3862220	1,8357525	210,0000000
675,4306840	1,8356317	218,0000000
675,4751460	1,8355109	203,0000000
675,5196080	1,8353901	217,0000000
675,5640700	1,8352693	220,0000000
675,6085320	1,8351485	208,0000000
675,6529940	1,8350277	217,0000000
675,6974560	1,8349070	219,0000000
675,7419180	1,8347862	232,0000000
675,7863800	1,8346655	216,0000000
675,8308420	1,8345448	219,0000000
675,8753040	1,8344241	227,0000000
675,9197660	1,8343035	219,0000000
675,9642280	1,8341828	209,0000000
676,0086900	1,8340622	221,0000000
676,0531520	1,8339416	214,0000000
676,0976140	1,8338210	220,0000000
676,1420760	1,8337004	223,0000000
676,1865380	1,8335798	210,0000000
676,2310000	1,8334592	204,0000000
676,2754620	1,8333387	198,0000000
676,3199240	1,8332182	211,0000000
676,3643860	1,8330977	223,0000000
676,4088480	1,8329772	213,0000000
676,4533100	1,8328567	237,0000000
676,4977720	1,8327362	236,0000000
676,5422340	1,8326158	244,0000000
676,5866960	1,8324953	223,0000000
676,6311580	1,8323749	220,0000000
676,6756200	1,8322545	247,0000000
676,7200820	1,8321341	260,0000000
676,7645440	1,8320138	238,0000000
676,8090060	1,8318934	235,0000000
676,8534680	1,8317731	259,0000000
676,8979300	1,8316528	243,0000000
676,9423920	1,8315325	244,0000000
676,9868540	1,8314122	251,0000000
677,0313160	1,8312919	258,0000000
677,0757780	1,8311717	238,0000000
677,1202400	1,8310514	244,0000000
677,1647020	1,8309312	274,0000000
677,2091640	1,8308110	246,0000000
677,2536260	1,8306908	235,0000000
677,2980880	1,8305706	270,0000000
677,3425500	1,8304504	277,0000000
677,3870120	1,8303303	317,0000000
677,4314740	1,8302102	271,0000000
677,4759360	1,8300901	254,0000000
677,5203980	1,8299700	257,0000000
677,5648600	1,8298499	242,0000000
677,6093220	1,8297298	266,0000000
677,6537840	1,8296097	270,0000000
677,6982460	1,8294897	261,0000000
677,7427080	1,8293697	257,0000000
677,7871700	1,8292497	262,0000000
677,8316320	1,8291297	275,0000000
677,8760940	1,8290097	283,0000000
677,9205560	1,8288898	277,0000000
677,9650180	1,8287698	306,0000000
678,0094800	1,8286499	282,0000000
678,0539420	1,8285300	296,0000000
678,0984040	1,8284101	286,0000000
678,1428660	1,8282902	320,0000000
678,1873280	1,8281704	310,0000000
678,2317900	1,8280505	346,0000000
678,2762520	1,8279307	335,0000000
678,3207140	1,8278109	374,0000000
678,3651760	1,8276911	379,0000000
678,4096380	1,8275713	395,0000000
678,4541000	1,8274515	384,0000000
678,4985620	1,8273318	402,0000000
678,5430240	1,8272120	460,0000000
678,5874860	1,8270923	442,0000000
678,6319480	1,8269726	461,0000000
678,6764100	1,8268529	460,0000000
678,7208720	1,8267332	479,0000000
678,7653340	1,8266136	483,0000000
678,8097960	1,8264939	501,0000000
678,8542580	1,8263743	545,0000000
678,8987200	1,8262547	544,0000000
678,9431820	1,8261351	585,0000000
678,9876440	1,8260155	621,0000000
679,0321060	1,8258959	579,0000000
679,0765680	1,8257764	576,0000000
679,1210300	1,8256569	670,0000000
679,1654920	1,8255373	728,0000000
679,2099540	1,8254178	789,0000000
679,2544160	1,8252984	832,0000000
679,2988780	1,8251789	835,0000000
679,3433400	1,8250594	819,0000000
679,3878020	1,8249400	964,0000000
679,4322640	1,8248206	1049,0000000
679,4767260	1,8247012	998,0000000
679,5211880	1,8245818	1061,0000000
679,5656500	1,8244624	1093,0000000
679,6101120	1,8243430	1169,0000000
679,6545740	1,8242237	1215,0000000
679,6990360	1,8241044	1262,0000000
679,7434980	1,8239850	1270,0000000
679,7879600	1,8238657	1402,0000000
679,8324220	1,8237465	1461,0000000
679,8768840	1,8236272	1545,0000000
679,9213460	1,8235079	1586,0000000
679,9658080	1,8233887	1665,0000000
680,0102700	1,8232695	1813,0000000
680,0547320	1,8231503	1935,0000000
680,0991940	1,8230311	2057,0000000
680,1436560	1,8229119	2166,0000000
680,1881180	1,8227927	2302,0000000
680,2325800	1,8226736	2502,0000000
680,2770420	1,8225545	2511,0000000
680,3215040	1,8224354	2662,0000000
680,3659660	1,8223163	2741,0000000
680,4104280	1,8221972	2845,0000000
680,4548900	1,8220781	2953,0000000
680,4993520	1,8219591	3210,0000000
680,5438140	1,8218400	3220,0000000
680,5882760	1,8217210	3318,0000000
680,6327380	1,8216020	3625,0000000
680,6772000	1,8214830	3611,0000000
680,7216620	1,8213641	3804,0000000
680,7661240	1,8212451	4086,0000000
680,8105860	1,8211262	4314,0000000
680,8550480	1,8210072	4699,0000000
680,8995100	1,8208883	4976,0000000
680,9439720	1,8207694	4961,0000000
680,9884340	1,8206506	5031,0000000
681,0328960	1,8205317	5437,0000000
681,0773580	1,8204128	5770,0000000
681,1218200	1,8202940	6074,0000000
681,1662820	1,8201752	6402,0000000
681,2107440	1,8200564	6655,0000000
681,2552060	1,8199376	7160,0000000
681,2996680	1,8198188	7700,0000000
681,3441300	1,8197001	8017,0000000
681,3885920	1,8195813	8236,0000000
681,4330540	1,8194626	8787,0000000
681,4775160	1,8193439	9063,0000000
681,5219780	1,8192252	9141,0000000
681,5664400	1,8191065	9628,0000000
681,6109020	1,8189879	10401,0000000
681,6553640	1,8188692	10701,0000000
681,6998260	1,8187506	10669,0000000
681,7442880	1,8186320	10737,0000000
681,7887500	1,8185134	11442,0000000
681,8332120	1,8183948	12498,0000000
681,8776740	1,8182762	13009,0000000
681,9221360	1,8181577	13277,0000000
681,9665980	1,8180391	13514,0000000
682,0110600	1,8179206	14124,0000000
682,0555220	1,8178021	14952,0000000
682,0999840	1,8176836	15750,0000000
682,1444460	1,8175651	16208,0000000
682,1889080	1,8174467	16533,0000000
682,2333700	1,8173282	17110,0000000
682,2778320	1,8172098	17761,0000000
682,3222940	1,8170914	18085,0000000
682,3667560	1,8169730	18457,0000000
682,4112180	1,8168546	18931,0000000
682,4556800	1,8167362	19608,0000000
682,5001420	1,8166179	20012,0000000
682,5446040	1,8164996	19527,0000000
682,5890660	1,8163812	19982,0000000
682,6335280	1,8162629	20966,0000000
682,6779900	1,8161446	21305,0000000
682,7224520	1,8160264	21659,0000000
682,7669140	1,8159081	22225,0000000
682,8113760	1,8157899	22081,0000000
682,8558380	1,8156716	22436,0000000
682,9003000	1,8155534	23357,0000000
682,9447620	1,8154352	24826,0000000
682,9892240	1,8153170	25647,0000000
683,0336860	1,8151989	26274,0000000
683,0781480	1,8150807	26388,0000000
683,1226100	1,8149626	25303,0000000
683,1670720	1,8148445	25682,0000000
683,2115340	1,8147263	26370,0000000
683,2559960	1,8146083	26326,0000000
683,3004580	1,8144902	24885,0000000
683,3449200	1,8143721	25510,0000000
683,3893820	1,8142541	26317,0000000
683,4338440	1,8141360	27235,0000000
683,4783060	1,8140180	28000,0000000
683,5227680	1,8139000	27972,0000000
683,5672300	1,8137820	28567,0000000
683,6116920	1,8136641	28787,0000000
683,6561540	1,8135461	29950,0000000
683,7006160	1,8134282	30347,0000000
683,4000000	1,8957828	30072,0000000
