625,2104600	1,9830794	136,0000000
625,2549220	1,9829384	147,0000000
625,2993840	1,9827974	159,0000000
625,3438460	1,9826564	155,0000000
625,3883080	1,9825154	157,0000000
625,4327700	1,9823745	152,0000000
625,4772320	1,9822336	147,0000000
625,5216940	1,9820927	158,0000000
625,5661560	1,9819518	147,0000000
625,6106180	1,9818109	142,0000000
625,6550800	1,9816701	150,0000000
625,6995420	1,9815293	147,0000000
625,7440040	1,9813885	149,0000000
625,7884660	1,9812477	160,0000000
625,8329280	1,9811070	159,0000000
625,8773900	1,9809662	161,0000000
625,9218520	1,9808255	153,0000000
625,9663140	1,9806848	150,0000000
626,0107760	1,9805441	149,0000000
626,0552380	1,9804035	144,0000000
626,0997000	1,9802628	151,0000000
626,1441620	1,9801222	150,0000000
626,1886240	1,9799816	142,0000000
626,2330860	1,9798410	143,0000000
626,2775480	1,9797005	127,0000000
626,3220100	1,9795600	149,0000000
626,3664720	1,9794194	145,0000000
626,4109340	1,9792789	140,0000000
626,4553960	1,9791385	142,0000000
626,4998580	1,9789980	141,0000000
626,5443200	1,9788576	143,0000000
626,5887820	1,9787172	143,0000000
626,6332440	1,9785768	145,0000000
626,6777060	1,9784364	147,0000000
626,7221680	1,9782960	151,0000000
626,7666300	1,9781557	150,0000000
626,8110920	1,9780154	138,0000000
626,8555540	1,9778751	145,0000000
626,9000160	1,9777348	150,0000000
626,9444780	1,9775945	139,0000000
626,9889400	1,9774543	140,0000000
627,0334020	1,9773141	151,0000000
627,0778640	1,9771739	145,0000000
627,1223260	1,9770337	152,0000000
627,1667880	1,9768935	158,0000000
627,2112500	1,9767534	142,0000000
627,2557120	1,9766133	141,0000000
627,3001740	1,9764732	156,0000000
627,3446360	1,9763331	140,0000000
627,3890980	1,9761930	144,0000000
627,4335600	1,9760530	146,0000000
627,4780220	1,9759130	146,0000000
627,5224840	1,9757730	152,0000000
627,5669460	1,9756330	144,0000000
627,6114080	1,9754930	138,0000000
627,6558700	1,9753531	143,0000000
627,7003320	1,9752132	140,0000000
627,7447940	1,9750733	144,0000000
627,7892560	1,9749334	148,0000000
627,8337180	1,9747935	151,0000000
627,8781800	1,9746537	153,0000000
627,9226420	1,9745139	165,0000000
627,9671040	1,9743741	156,0000000
628,0115660	1,9742343	150,0000000
628,0560280	1,9740945	152,0000000
628,1004900	1,9739548	154,0000000
628,1449520	1,9738151	153,0000000
628,1894140	1,9736754	161,0000000
628,2338760	1,9735357	147,0000000
628,2783380	1,9733960	167,0000000
628,3228000	1,9732564	158,0000000
628,3672620	1,9731168	163,0000000
628,4117240	1,9729771	146,0000000
628,4561860	1,9728376	132,0000000
628,5006480	1,9726980	148,0000000
628,5451100	1,9725585	148,0000000
628,5895720	1,9724189	154,0000000
628,6340340	1,9722794	144,0000000
628,6784960	1,9721399	142,0000000
628,7229580	1,9720005	162,0000000
628,7674200	1,9718610	150,0000000
628,8118820	1,9717216	147,0000000
628,8563440	1,9715822	136,0000000
628,9008060	1,9714428	133,0000000
628,9452680	1,9713034	135,0000000
628,9897300	1,9711641	133,0000000
629,0341920	1,9710248	139,0000000
629,0786540	1,9708855	145,0000000
629,1231160	1,9707462	160,0000000
629,1675780	1,9706069	159,0000000
629,2120400	1,9704677	142,0000000
629,2565020	1,9703284	151,0000000
629,3009640	1,9701892	148,0000000
629,3454260	1,9700500	132,0000000
629,3898880	1,9699109	138,0000000
629,4343500	1,9697717	134,0000000
629,4788120	1,9696326	146,0000000
629,5232740	1,9694935	153,0000000
629,5677360	1,9693544	143,0000000
629,6121980	1,9692153	139,0000000
629,6566600	1,9690762	137,0000000
629,7011220	1,9689372	124,0000000
629,7455840	1,9687982	132,0000000
629,7900460	1,9686592	136,0000000
629,8345080	1,9685202	139,0000000
629,8789700	1,9683813	134,0000000
629,9234320	1,9682423	140,0000000
629,9678940	1,9681034	137,0000000
630,0123560	1,9679645	150,0000000
630,0568180	1,9678257	142,0000000
630,1012800	1,9676868	135,0000000
630,1457420	1,9675480	144,0000000
630,1902040	1,9674091	145,0000000
630,2346660	1,9672703	145,0000000
630,2791280	1,9671316	144,0000000
630,3235900	1,9669928	143,0000000
630,3680520	1,9668541	148,0000000
630,4125140	1,9667154	137,0000000
630,4569760	1,9665767	141,0000000
630,5014380	1,9664380	147,0000000
630,5459000	1,9662993	139,0000000
630,5903620	1,9661607	151,0000000
630,6348240	1,9660221	157,0000000
630,6792860	1,9658834	146,0000000
630,7237480	1,9657449	142,0000000
630,7682100	1,9656063	142,0000000
630,8126720	1,9654678	143,0000000
630,8571340	1,9653292	136,0000000
630,9015960	1,9651907	143,0000000
630,9460580	1,9650522	147,0000000
630,9905200	1,9649138	148,0000000
631,0349820	1,9647753	161,0000000
631,0794440	1,9646369	145,0000000
631,1239060	1,9644985	144,0000000
631,1683680	1,9643601	146,0000000
631,2128300	1,9642218	137,0000000
631,2572920	1,9640834	137,0000000
631,3017540	1,9639451	146,0000000
631,3462160	1,9638068	138,0000000
631,3906780	1,9636685	148,0000000
631,4351400	1,9635302	162,0000000
631,4796020	1,9633920	136,0000000
631,5240640	1,9632537	155,0000000
631,5685260	1,9631155	139,0000000
631,6129880	1,9629773	147,0000000
631,6574500	1,9628391	142,0000000
631,7019120	1,9627010	147,0000000
631,7463740	1,9625629	151,0000000
631,7908360	1,9624247	148,0000000
631,8352980	1,9622866	145,0000000
631,8797600	1,9621486	139,0000000
631,9242220	1,9620105	134,0000000
631,9686840	1,9618725	138,0000000
632,0131460	1,9617345	143,0000000
632,0576080	1,9615965	138,0000000
632,1020700	1,9614585	151,0000000
632,1465320	1,9613205	139,0000000
632,1909940	1,9611826	146,0000000
632,2354560	1,9610447	150,0000000
632,2799180	1,9609068	136,0000000
632,3243800	1,9607689	137,0000000
632,3688420	1,9606310	144,0000000
632,4133040	1,9604932	141,0000000
632,4577660	1,9603554	132,0000000
632,5022280	1,9602176	148,0000000
632,5466900	1,9600798	151,0000000
632,5911520	1,9599420	140,0000000
632,6356140	1,9598043	148,0000000
632,6800760	1,9596665	140,0000000
632,7245380	1,9595288	152,0000000
632,7690000	1,9593911	143,0000000
632,8134620	1,9592535	140,0000000
632,8579240	1,9591158	156,0000000
632,9023860	1,9589782	138,0000000
632,9468480	1,9588406	154,0000000
632,9913100	1,9587030	156,0000000
633,0357720	1,9585654	148,0000000
633,0802340	1,9584279	144,0000000
633,1246960	1,9582903	133,0000000
633,1691580	1,9581528	138,0000000
633,2136200	1,9580153	143,0000000
633,2580820	1,9578778	151,0000000
633,3025440	1,9577404	146,0000000
633,3470060	1,9576030	152,0000000
633,3914680	1,9574655	132,0000000
633,4359300	1,9573281	147,0000000
633,4803920	1,9571908	140,0000000
633,5248540	1,9570534	143,0000000
633,5693160	1,9569161	149,0000000
633,6137780	1,9567787	142,0000000
633,6582400	1,9566414	147,0000000
633,7027020	1,9565042	152,0000000
633,7471640	1,9563669	133,0000000
633,7916260	1,9562296	148,0000000
633,8360880	1,9560924	156,0000000
633,8805500	1,9559552	146,0000000
633,9250120	1,9558180	136,0000000
633,9694740	1,9556809	140,0000000
634,0139360	1,9555437	153,0000000
634,0583980	1,9554066	138,0000000
634,1028600	1,9552695	130,0000000
634,1473220	1,9551324	146,0000000
634,1917840	1,9549953	135,0000000
634,2362460	1,9548583	147,0000000
634,2807080	1,9547212	148,0000000
634,3251700	1,9545842	154,0000000
634,3696320	1,9544472	158,0000000
634,4140940	1,9543103	146,0000000
634,4585560	1,9541733	145,0000000
634,5030180	1,9540364	142,0000000
634,5474800	1,9538994	140,0000000
634,5919420	1,9537625	145,0000000
634,6364040	1,9536257	141,0000000
634,6808660	1,9534888	148,0000000
634,7253280	1,9533520	138,0000000
634,7697900	1,9532151	148,0000000
634,8142520	1,9530783	144,0000000
634,8587140	1,9529416	141,0000000
634,9031760	1,9528048	146,0000000
634,9476380	1,9526681	145,0000000
634,9921000	1,9525313	151,0000000
635,0365620	1,9523946	157,0000000
635,0810240	1,9522579	138,0000000
635,1254860	1,9521213	128,0000000
635,1699480	1,9519846	144,0000000
635,2144100	1,9518480	149,0000000
635,2588720	1,9517114	140,0000000
635,3033340	1,9515748	145,0000000
635,3477960	1,9514382	142,0000000
635,3922580	1,9513017	135,0000000
635,4367200	1,9511651	142,0000000
635,4811820	1,9510286	138,0000000
635,5256440	1,9508921	154,0000000
635,5701060	1,9507556	145,0000000
635,6145680	1,9506192	142,0000000
635,6590300	1,9504827	157,0000000
635,7034920	1,9503463	134,0000000
635,7479540	1,9502099	157,0000000
635,7924160	1,9500735	147,0000000
635,8368780	1,9499372	140,0000000
635,8813400	1,9498008	143,0000000
635,9258020	1,9496645	149,0000000
635,9702640	1,9495282	138,0000000
636,0147260	1,9493919	150,0000000
636,0591880	1,9492557	139,0000000
636,1036500	1,9491194	151,0000000
636,1481120	1,9489832	149,0000000
636,1925740	1,9488470	158,0000000
636,2370360	1,9487108	149,0000000
636,2814980	1,9485746	144,0000000
636,3259600	1,9484385	147,0000000
636,3704220	1,9483023	156,0000000
636,4148840	1,9481662	131,0000000
636,4593460	1,9480301	144,0000000
636,5038080	1,9478940	149,0000000
636,5482700	1,9477580	136,0000000
636,5927320	1,9476219	142,0000000
636,6371940	1,9474859	137,0000000
636,6816560	1,9473499	158,0000000
636,7261180	1,9472139	155,0000000
636,7705800	1,9470780	145,0000000
636,8150420	1,9469420	145,0000000
636,8595040	1,9468061	147,0000000
636,9039660	1,9466702	151,0000000
636,9484280	1,9465343	155,0000000
636,9928900	1,9463984	144,0000000
637,0373520	1,9462626	139,0000000
637,0818140	1,9461268	144,0000000
637,1262760	1,9459910	144,0000000
637,1707380	1,9458552	150,0000000
637,2152000	1,9457194	146,0000000
637,2596620	1,9455836	145,0000000
637,3041240	1,9454479	153,0000000
637,3485860	1,9453122	141,0000000
637,3930480	1,9451765	137,0000000
637,4375100	1,9450408	132,0000000
637,4819720	1,9449051	141,0000000
637,5264340	1,9447695	146,0000000
637,5708960	1,9446339	147,0000000
637,6153580	1,9444983	153,0000000
637,6598200	1,9443627	147,0000000
637,7042820	1,9442271	149,0000000
637,7487440	1,9440916	146,0000000
637,7932060	1,9439561	154,0000000
637,8376680	1,9438206	149,0000000
637,8821300	1,9436851	138,0000000
637,9265920	1,9435496	146,0000000
637,9710540	1,9434141	138,0000000
638,0155160	1,9432787	139,0000000
638,0599780	1,9431433	142,0000000
638,1044400	1,9430079	146,0000000
638,1489020	1,9428725	148,0000000
638,1933640	1,9427372	147,0000000
638,2378260	1,9426018	160,0000000
638,2822880	1,9424665	152,0000000
638,3267500	1,9423312	138,0000000
638,3712120	1,9421959	151,0000000
638,4156740	1,9420607	147,0000000
638,4601360	1,9419254	137,0000000
638,5045980	1,9417902	147,0000000
638,5490600	1,9416550	152,0000000
638,5935220	1,9415198	164,0000000
638,6379840	1,9413846	145,0000000
638,6824460	1,9412495	145,0000000
638,7269080	1,9411144	138,0000000
638,7713700	1,9409792	143,0000000
638,8158320	1,9408441	140,0000000
638,8602940	1,9407091	136,0000000
638,9047560	1,9405740	143,0000000
638,9492180	1,9404390	144,0000000
638,9936800	1,9403040	146,0000000
639,0381420	1,9401690	161,0000000
639,0826040	1,9400340	135,0000000
639,1270660	1,9398990	147,0000000
639,1715280	1,9397641	152,0000000
639,2159900	1,9396292	143,0000000
639,2604520	1,9394942	147,0000000
639,3049140	1,9393594	149,0000000
639,3493760	1,9392245	147,0000000
639,3938380	1,9390896	153,0000000
639,4383000	1,9389548	154,0000000
639,4827620	1,9388200	147,0000000
639,5272240	1,9386852	144,0000000
639,5716860	1,9385504	143,0000000
639,6161480	1,9384157	155,0000000
639,6606100	1,9382809	149,0000000
639,7050720	1,9381462	147,0000000
639,7495340	1,9380115	138,0000000
639,7939960	1,9378768	137,0000000
639,8384580	1,9377422	146,0000000
639,8829200	1,9376075	154,0000000
639,9273820	1,9374729	144,0000000
639,9718440	1,9373383	141,0000000
640,0163060	1,9372037	142,0000000
640,0607680	1,9370692	148,0000000
640,1052300	1,9369346	145,0000000
640,1496920	1,9368001	149,0000000
640,1941540	1,9366656	145,0000000
640,2386160	1,9365311	149,0000000
640,2830780	1,9363966	146,0000000
640,3275400	1,9362621	149,0000000
640,3720020	1,9361277	143,0000000
640,4164640	1,9359933	145,0000000
640,4609260	1,9358589	144,0000000
640,5053880	1,9357245	137,0000000
640,5498500	1,9355901	133,0000000
640,5943120	1,9354558	146,0000000
640,6387740	1,9353215	150,0000000
640,6832360	1,9351872	145,0000000
640,7276980	1,9350529	147,0000000
640,7721600	1,9349186	151,0000000
640,8166220	1,9347843	148,0000000
640,8610840	1,9346501	151,0000000
640,9055460	1,9345159	147,0000000
640,9500080	1,9343817	160,0000000
640,9944700	1,9342475	155,0000000
641,0389320	1,9341134	137,0000000
641,0833940	1,9339792	149,0000000
641,1278560	1,9338451	140,0000000
641,1723180	1,9337110	153,0000000
641,2167800	1,9335769	145,0000000
641,2612420	1,9334429	147,0000000
641,3057040	1,9333088	148,0000000
641,3501660	1,9331748	148,0000000
641,3946280	1,9330408	141,0000000
641,4390900	1,9329068	150,0000000
641,4835520	1,9327728	146,0000000
641,5280140	1,9326389	150,0000000
641,5724760	1,9325049	144,0000000
641,6169380	1,9323710	139,0000000
641,6614000	1,9322371	142,0000000
641,7058620	1,9321032	130,0000000
641,7503240	1,9319694	152,0000000
641,7947860	1,9318355	150,0000000
641,8392480	1,9317017	146,0000000
641,8837100	1,9315679	155,0000000
641,9281720	1,9314341	141,0000000
641,9726340	1,9313003	149,0000000
642,0170960	1,9311666	155,0000000
642,0615580	1,9310329	148,0000000
642,1060200	1,9308992	148,0000000
642,1504820	1,9307655	142,0000000
642,1949440	1,9306318	160,0000000
642,2394060	1,9304981	147,0000000
642,2838680	1,9303645	144,0000000
642,3283300	1,9302309	140,0000000
642,3727920	1,9300973	144,0000000
642,4172540	1,9299637	151,0000000
642,4617160	1,9298301	158,0000000
642,5061780	1,9296966	139,0000000
642,5506400	1,9295630	158,0000000
642,5951020	1,9294295	156,0000000
642,6395640	1,9292960	152,0000000
642,6840260	1,9291626	141,0000000
642,7284880	1,9290291	160,0000000
642,7729500	1,9288957	147,0000000
642,8174120	1,9287623	150,0000000
642,8618740	1,9286289	149,0000000
642,9063360	1,9284955	143,0000000
642,9507980	1,9283621	145,0000000
642,9952600	1,9282288	150,0000000
643,0397220	1,9280955	147,0000000
643,0841840	1,9279622	154,0000000
643,1286460	1,9278289	148,0000000
643,1731080	1,9276956	148,0000000
643,2175700	1,9275623	150,0000000
643,2620320	1,9274291	147,0000000
643,3064940	1,9272959	160,0000000
643,3509560	1,9271627	146,0000000
643,3954180	1,9270295	144,0000000
643,4398800	1,9268964	144,0000000
643,4843420	1,9267632	153,0000000
643,5288040	1,9266301	150,0000000
643,5732660	1,9264970	142,0000000
643,6177280	1,9263639	159,0000000
643,6621900	1,9262309	149,0000000
643,7066520	1,9260978	144,0000000
643,7511140	1,9259648	151,0000000
643,7955760	1,9258318	146,0000000
643,8400380	1,9256988	148,0000000
643,8845000	1,9255658	148,0000000
643,9289620	1,9254328	157,0000000
643,9734240	1,9252999	162,0000000
644,0178860	1,9251670	135,0000000
644,0623480	1,9250341	150,0000000
644,1068100	1,9249012	158,0000000
644,1512720	1,9247683	151,0000000
644,1957340	1,9246355	132,0000000
644,2401960	1,9245027	157,0000000
644,2846580	1,9243698	154,0000000
644,3291200	1,9242371	139,0000000
644,3735820	1,9241043	143,0000000
644,4180440	1,9239715	158,0000000
644,4625060	1,9238388	142,0000000
644,5069680	1,9237061	148,0000000
644,5514300	1,9235734	142,0000000
644,5958920	1,9234407	151,0000000
644,6403540	1,9233080	150,0000000
644,6848160	1,9231754	152,0000000
644,7292780	1,9230428	149,0000000
644,7737400	1,9229102	152,0000000
644,8182020	1,9227776	153,0000000
644,8626640	1,9226450	157,0000000
644,9071260	1,9225124	157,0000000
644,9515880	1,9223799	159,0000000
644,9960500	1,9222474	156,0000000
645,0405120	1,9221149	164,0000000
645,0849740	1,9219824	150,0000000
645,1294360	1,9218499	140,0000000
645,1738980	1,9217175	147,0000000
645,2183600	1,9215851	150,0000000
645,2628220	1,9214527	155,0000000
645,3072840	1,9213203	167,0000000
645,3517460	1,9211879	153,0000000
645,3962080	1,9210556	154,0000000
645,4406700	1,9209232	158,0000000
645,4851320	1,9207909	154,0000000
645,5295940	1,9206586	156,0000000
645,5740560	1,9205263	155,0000000
645,6185180	1,9203941	157,0000000
645,6629800	1,9202618	157,0000000
645,7074420	1,9201296	158,0000000
645,7519040	1,9199974	165,0000000
645,7963660	1,9198652	150,0000000
645,8408280	1,9197330	164,0000000
645,8852900	1,9196009	170,0000000
645,9297520	1,9194687	160,0000000
645,9742140	1,9193366	164,0000000
646,0186760	1,9192045	165,0000000
646,0631380	1,9190725	158,0000000
646,1076000	1,9189404	180,0000000
646,1520620	1,9188083	170,0000000
646,1965240	1,9186763	165,0000000
646,2409860	1,9185443	164,0000000
646,2854480	1,9184123	175,0000000
646,3299100	1,9182804	168,0000000
646,3743720	1,9181484	167,0000000
646,4188340	1,9180165	159,0000000
646,4632960	1,9178846	160,0000000
646,5077580	1,9177527	170,0000000
646,5522200	1,9176208	165,0000000
646,5966820	1,9174889	157,0000000
646,6411440	1,9173571	173,0000000
646,6856060	1,9172252	157,0000000
646,7300680	1,9170934	174,0000000
646,7745300	1,9169616	188,0000000
646,8189920	1,9168299	177,0000000
646,8634540	1,9166981	164,0000000
646,9079160	1,9165664	183,0000000
646,9523780	1,9164347	161,0000000
646,9968400	1,9163030	175,0000000
647,0413020	1,9161713	204,0000000
647,0857640	1,9160396	193,0000000
647,1302260	1,9159080	175,0000000
647,1746880	1,9157764	178,0000000
647,2191500	1,9156448	172,0000000
647,2636120	1,9155132	187,0000000
647,3080740	1,9153816	201,0000000
647,3525360	1,9152500	175,0000000
647,3969980	1,9151185	186,0000000
647,4414600	1,9149870	178,0000000
647,4859220	1,9148555	171,0000000
647,5303840	1,9147240	185,0000000
647,5748460	1,9145925	196,0000000
647,6193080	1,9144611	173,0000000
647,6637700	1,9143297	191,0000000
647,7082320	1,9141983	174,0000000
647,7526940	1,9140669	192,0000000
647,7971560	1,9139355	186,0000000
647,8416180	1,9138041	189,0000000
647,8860800	1,9136728	184,0000000
647,9305420	1,9135415	204,0000000
647,9750040	1,9134102	194,0000000
648,0194660	1,9132789	180,0000000
648,0639280	1,9131476	188,0000000
648,1083900	1,9130164	188,0000000
648,1528520	1,9128852	185,0000000
648,1973140	1,9127539	193,0000000
648,2417760	1,9126228	205,0000000
648,2862380	1,9124916	203,0000000
648,3307000	1,9123604	200,0000000
648,3751620	1,9122293	209,0000000
648,4196240	1,9120982	185,0000000
648,4640860	1,9119671	206,0000000
648,5085480	1,9118360	226,0000000
648,5530100	1,9117049	212,0000000
648,5974720	1,9115739	214,0000000
648,6419340	1,9114428	204,0000000
648,6863960	1,9113118	240,0000000
648,7308580	1,9111808	223,0000000
648,7753200	1,9110498	231,0000000
648,8197820	1,9109189	215,0000000
648,8642440	1,9107879	222,0000000
648,9087060	1,9106570	254,0000000
648,9531680	1,9105261	231,0000000
648,9976300	1,9103952	225,0000000
649,0420920	1,9102644	247,0000000
649,0865540	1,9101335	251,0000000
649,1310160	1,9100027	243,0000000
649,1754780	1,9098718	260,0000000
649,2199400	1,9097411	265,0000000
649,2644020	1,9096103	240,0000000
649,3088640	1,9094795	252,0000000
649,3533260	1,9093488	244,0000000
649,3977880	1,9092180	287,0000000
649,4422500	1,9090873	297,0000000
649,4867120	1,9089566	270,0000000
649,5311740	1,9088260	273,0000000
649,5756360	1,9086953	306,0000000
649,6200980	1,9085647	301,0000000
649,6645600	1,9084341	302,0000000
649,7090220	1,9083035	314,0000000
649,7534840	1,9081729	320,0000000
649,7979460	1,9080423	342,0000000
649,8424080	1,9079118	343,0000000
649,8868700	1,9077812	335,0000000
649,9313320	1,9076507	356,0000000
649,9757940	1,9075202	382,0000000
650,0202560	1,9073897	385,0000000
650,0647180	1,9072593	440,0000000
650,1091800	1,9071288	404,0000000
650,1536420	1,9069984	412,0000000
650,1981040	1,9068680	462,0000000
650,2425660	1,9067376	467,0000000
650,2870280	1,9066073	472,0000000
650,3314900	1,9064769	480,0000000
650,3759520	1,9063466	521,0000000
650,4204140	1,9062163	509,0000000
650,4648760	1,9060860	543,0000000
650,5093380	1,9059557	575,0000000
650,5538000	1,9058254	616,0000000
650,5982620	1,9056952	603,0000000
650,6427240	1,9055650	644,0000000
650,6871860	1,9054347	644,0000000
650,7316480	1,9053046	665,0000000
650,7761100	1,9051744	737,0000000
650,8205720	1,9050442	756,0000000
650,8650340	1,9049141	764,0000000
650,9094960	1,9047840	820,0000000
650,9539580	1,9046539	870,0000000
650,9984200	1,9045238	858,0000000
651,0428820	1,9043937	965,0000000
651,0873440	1,9042637	935,0000000
651,1318060	1,9041336	952,0000000
651,1762680	1,9040036	1023,0000000
651,2207300	1,9038736	1065,0000000
651,2651920	1,9037436	1221,0000000
651,3096540	1,9036137	1245,0000000
651,3541160	1,9034837	1225,0000000
651,3985780	1,9033538	1323,0000000
651,4430400	1,9032239	1356,0000000
651,4875020	1,9030940	1431,0000000
651,5319640	1,9029641	1432,0000000
651,5764260	1,9028343	1559,0000000
651,6208880	1,9027045	1591,0000000
651,6653500	1,9025746	1660,0000000
651,7098120	1,9024448	1658,0000000
651,7542740	1,9023151	1832,0000000
651,7987360	1,9021853	1870,0000000
651,8431980	1,9020555	1908,0000000
651,8876600	1,9019258	2170,0000000
651,9321220	1,9017961	2209,0000000
651,9765840	1,9016664	2239,0000000
652,0210460	1,9015367	2375,0000000
652,0655080	1,9014071	2523,0000000
652,1099700	1,9012774	2533,0000000
652,1544320	1,9011478	2572,0000000
652,1988940	1,9010182	2696,0000000
652,2433560	1,9008886	2861,0000000
652,2878180	1,9007590	3133,0000000
652,3322800	1,9006295	3174,0000000
652,3767420	1,9005000	3313,0000000
652,4212040	1,9003704	3506,0000000
652,4656660	1,9002409	3519,0000000
652,5101280	1,9001115	3660,0000000
652,5545900	1,8999820	3892,0000000
652,5990520	1,8998525	4098,0000000
652,6435140	1,8997231	4198,0000000
652,6879760	1,8995937	4294,0000000
652,7324380	1,8994643	4384,0000000
652,7769000	1,8993349	4518,0000000
652,8213620	1,8992056	4924,0000000
652,8658240	1,8990762	4905,0000000
652,9102860	1,8989469	5109,0000000
652,9547480	1,8988176	5171,0000000
652,9992100	1,8986883	5214,0000000
653,0436720	1,8985590	5464,0000000
653,0881340	1,8984298	5412,0000000
653,1325960	1,8983006	5678,0000000
653,1770580	1,8981713	5792,0000000
653,2215200	1,8980421	6360,0000000
653,2659820	1,8979130	6408,0000000
653,3104440	1,8977838	6204,0000000
653,3549060	1,8976546	6391,0000000
653,3993680	1,8975255	6703,0000000
653,4438300	1,8973964	6375,0000000
653,4882920	1,8972673	6737,0000000
653,5327540	1,8971382	6876,0000000
653,5772160	1,8970092	7386,0000000
653,6216780	1,8968801	7497,0000000
653,6661400	1,8967511	7146,0000000
653,7106020	1,8966221	7233,0000000
653,7550640	1,8964931	7645,0000000
653,7995260	1,8963641	7909,0000000
653,8439880	1,8962352	7974,0000000
653,8884500	1,8961062	8387,0000000
653,9329120	1,8959773	8745,0000000
653,9773740	1,8958484	8382,0000000
654,0218360	1,8957195	8642,0000000
654,0662980	1,8955907	8438,0000000
654,1107600	1,8954618	8682,0000000
654,1552220	1,8953330	8955,0000000
654,1996840	1,8952042	9395,0000000
654,2441460	1,8950754	9857,0000000
654,2886080	1,8949466	9336,0000000
654,3330700	1,8948178	8863,0000000
654,3775320	1,8946891	9251,0000000
654,4219940	1,8945604	9032,0000000
654,4664560	1,8944317	9328,0000000
654,5109180	1,8943030	9273,0000000
654,5553800	1,8941743	9328,0000000
654,5998420	1,8940456	9323,0000000
654,6443040	1,8939170	9386,0000000
654,6887660	1,8937884	9417,0000000
654,7332280	1,8936598	9489,0000000
654,7776900	1,8935312	9611,0000000
654,8221520	1,8934026	10277,0000000
654,8666140	1,8932741	9665,0000000
654,9110760	1,8931455	9966,0000000
654,9555380	1,8930170	9899,0000000
655,0000000	1,8928885	9371,0000000
655,0444620	1,8927600	9181,0000000
655,0889240	1,8926316	9106,0000000
655,1333860	1,8925031	9323,0000000
655,1778480	1,8923747	9383,0000000
655,2223100	1,8922463	9590,0000000
655,2667720	1,8921179	9828,0000000
655,3112340	1,8919895	9877,0000000
655,3556960	1,8918611	9083,0000000
655,4001580	1,8917328	8227,0000000
655,4446200	1,8916045	8072,0000000
655,4890820	1,8914762	7398,0000000
655,5335440	1,8913479	7723,0000000
655,5780060	1,8912196	7862,0000000
655,6224680	1,8910913	7302,0000000
655,6669300	1,8909631	6822,0000000
655,7113920	1,8908349	7720,0000000
655,7558540	1,8907067	8238,0000000
655,8003160	1,8905785	7935,0000000
655,8447780	1,8904503	7859,0000000
655,8892400	1,8903222	7418,0000000
655,9337020	1,8901940	7301,0000000
655,9781640	1,8900659	7193,0000000
656,0226260	1,8899378	6609,0000000
656,0670880	1,8898097	6937,0000000
656,1115500	1,8896817	7232,0000000
656,1560120	1,8895536	6869,0000000
656,2004740	1,8894256	6244,0000000
656,2449360	1,8892976	6026,0000000
656,2893980	1,8891696	5795,0000000
656,3338600	1,8890416	6467,0000000
656,3783220	1,8889136	6098,0000000
656,4227840	1,8887857	5741,0000000
656,4672460	1,8886578	5789,0000000
656,5117080	1,8885299	5236,0000000
656,5561700	1,8884020	6135,0000000
656,6006320	1,8882741	5265,0000000
656,6450940	1,8881462	4882,0000000
656,6895560	1,8880184	4537,0000000
656,7340180	1,8878906	3931,0000000
656,7784800	1,8877628	4030,0000000
656,8229420	1,8876350	3796,0000000
656,8674040	1,8875072	3921,0000000
656,9118660	1,8873795	4214,0000000
656,9563280	1,8872517	4017,0000000
657,0007900	1,8871240	3842,0000000
657,0452520	1,8869963	3870,0000000
657,0897140	1,8868686	3294,0000000
657,1341760	1,8867410	2993,0000000
657,1786380	1,8866133	3418,0000000
657,2231000	1,8864857	3712,0000000
657,2675620	1,8863581	3125,0000000
657,3120240	1,8862305	2656,0000000
657,3564860	1,8861029	3413,0000000
657,4009480	1,8859753	3317,0000000
657,4454100	1,8858478	3084,0000000
657,4898720	1,8857203	3059,0000000
657,5343340	1,8855927	3253,0000000
657,5787960	1,8854653	2315,0000000
657,6232580	1,8853378	2153,0000000
657,6677200	1,8852103	1894,0000000
657,7121820	1,8850829	2003,0000000
657,7566440	1,8849554	1813,0000000
657,8011060	1,8848280	1716,0000000
657,8455680	1,8847007	1688,0000000
657,8900300	1,8845733	1670,0000000
657,9344920	1,8844459	1546,0000000
657,9789540	1,8843186	1870,0000000
658,0234160	1,8841913	1913,0000000
658,0678780	1,8840640	1993,0000000
658,1123400	1,8839367	1642,0000000
658,1568020	1,8838094	1433,0000000
658,2012640	1,8836821	1618,0000000
658,2457260	1,8835549	1225,0000000
658,2901880	1,8834277	1271,0000000
658,3346500	1,8833005	1311,0000000
658,3791120	1,8831733	1065,0000000
658,4235740	1,8830461	1008,0000000
658,4680360	1,8829190	1111,0000000
658,5124980	1,8827919	948,0000000
658,5569600	1,8826647	995,0000000
658,6014220	1,8825376	1058,0000000
658,6458840	1,8824106	1093,0000000
658,6903460	1,8822835	969,0000000
658,7348080	1,8821565	931,0000000
658,7792700	1,8820294	925,0000000
658,8237320	1,8819024	739,0000000
658,8681940	1,8817754	641,0000000
658,9126560	1,8816484	670,0000000
658,9571180	1,8815215	588,0000000
659,0015800	1,8813945	650,0000000
659,0460420	1,8812676	639,0000000
659,0905040	1,8811407	612,0000000
659,1349660	1,8810138	568,0000000
659,1794280	1,8808869	566,0000000
659,2238900	1,8807601	462,0000000
659,2683520	1,8806332	548,0000000
659,3128140	1,8805064	555,0000000
659,3572760	1,8803796	505,0000000
659,4017380	1,8802528	485,0000000
659,4462000	1,8801260	478,0000000
659,4906620	1,8799993	456,0000000
659,5351240	1,8798725	443,0000000
659,5795860	1,8797458	442,0000000
659,6240480	1,8796191	413,0000000
659,6685100	1,8794924	402,0000000
659,7129720	1,8793658	395,0000000
659,7574340	1,8792391	400,0000000
659,8018960	1,8791125	357,0000000
659,8463580	1,8789859	403,0000000
659,8908200	1,8788592	400,0000000
659,9352820	1,8787327	476,0000000
659,9797440	1,8786061	379,0000000
660,0242060	1,8784795	353,0000000
660,0686680	1,8783530	328,0000000
660,1131300	1,8782265	302,0000000
660,1575920	1,8781000	376,0000000
660,2020540	1,8779735	380,0000000
660,2465160	1,8778470	326,0000000
660,2909780	1,8777206	299,0000000
660,3354400	1,8775942	285,0000000
660,3799020	1,8774678	284,0000000
660,4243640	1,8773414	293,0000000
660,4688260	1,8772150	286,0000000
660,5132880	1,8770886	286,0000000
660,5577500	1,8769623	278,0000000
660,6022120	1,8768359	298,0000000
660,6466740	1,8767096	285,0000000
660,6911360	1,8765833	256,0000000
660,7355980	1,8764570	282,0000000
660,7800600	1,8763308	242,0000000
660,8245220	1,8762045	229,0000000
660,8689840	1,8760783	231,0000000
660,9134460	1,8759521	264,0000000
660,9579080	1,8758259	468,0000000
661,0023700	1,8756997	315,0000000
661,0468320	1,8755736	247,0000000
661,0912940	1,8754474	234,0000000
661,1357560	1,8753213	233,0000000
661,1802180	1,8751952	227,0000000
661,2246800	1,8750691	221,0000000
661,2691420	1,8749430	244,0000000
661,3136040	1,8748170	253,0000000
661,3580660	1,8746909	230,0000000
661,4025280	1,8745649	215,0000000
661,4469900	1,8744389	213,0000000
661,4914520	1,8743129	228,0000000
661,5359140	1,8741869	206,0000000
661,5803760	1,8740610	214,0000000
661,6248380	1,8739350	209,0000000
661,6693000	1,8738091	193,0000000
661,7137620	1,8736832	201,0000000
661,7582240	1,8735573	194,0000000
661,8026860	1,8734315	198,0000000
661,8471480	1,8733056	192,0000000
661,8916100	1,8731798	184,0000000
661,9360720	1,8730539	192,0000000
661,9805340	1,8729281	210,0000000
662,0249960	1,8728024	195,0000000
662,0694580	1,8726766	168,0000000
662,1139200	1,8725508	200,0000000
662,1583820	1,8724251	165,0000000
662,2028440	1,8722994	177,0000000
662,2473060	1,8721737	183,0000000
662,2917680	1,8720480	178,0000000
662,3362300	1,8719223	190,0000000
662,3806920	1,8717967	201,0000000
662,4251540	1,8716710	188,0000000
662,4696160	1,8715454	193,0000000
662,5140780	1,8714198	170,0000000
662,5585400	1,8712942	179,0000000
662,6030020	1,8711687	199,0000000
662,6474640	1,8710431	195,0000000
662,6919260	1,8709176	197,0000000
662,7363880	1,8707921	190,0000000
662,7808500	1,8706666	195,0000000
662,8253120	1,8705411	181,0000000
662,8697740	1,8704156	176,0000000
662,9142360	1,8702902	177,0000000
662,9586980	1,8701647	173,0000000
663,0031600	1,8700393	179,0000000
663,0476220	1,8699139	187,0000000
663,0920840	1,8697885	190,0000000
663,1365460	1,8696632	187,0000000
663,1810080	1,8695378	184,0000000
663,2254700	1,8694125	191,0000000
663,2699320	1,8692872	180,0000000
663,3143940	1,8691619	183,0000000
663,3588560	1,8690366	189,0000000
663,4033180	1,8689113	172,0000000
663,4477800	1,8687861	172,0000000
663,4922420	1,8686608	179,0000000
663,5367040	1,8685356	172,0000000
663,5811660	1,8684104	184,0000000
663,6256280	1,8682852	179,0000000
663,6700900	1,8681601	162,0000000
663,7145520	1,8680349	166,0000000
663,7590140	1,8679098	173,0000000
663,8034760	1,8677847	167,0000000
663,8479380	1,8676596	211,0000000
663,8924000	1,8675345	230,0000000
663,9368620	1,8674094	186,0000000
663,9813240	1,8672844	344,0000000
664,0257860	1,8671594	380,0000000
664,0702480	1,8670344	207,0000000
664,1147100	1,8669094	180,0000000
664,1591720	1,8667844	171,0000000
664,2036340	1,8666594	175,0000000
664,2480960	1,8665345	185,0000000
664,2925580	1,8664095	161,0000000
664,3370200	1,8662846	178,0000000
664,3814820	1,8661597	162,0000000
664,4259440	1,8660349	167,0000000
664,4704060	1,8659100	165,0000000
664,5148680	1,8657851	172,0000000
664,5593300	1,8656603	170,0000000
664,6037920	1,8655355	179,0000000
664,6482540	1,8654107	180,0000000
664,6927160	1,8652859	171,0000000
664,7371780	1,8651612	170,0000000
664,7816400	1,8650364	175,0000000
664,8261020	1,8649117	174,0000000
664,8705640	1,8647870	173,0000000
664,9150260	1,8646623	175,0000000
664,9594880	1,8645376	194,0000000
665,0039500	1,8644129	171,0000000
665,0484120	1,8642883	179,0000000
665,0928740	1,8641637	173,0000000
665,1373360	1,8640391	178,0000000
665,1817980	1,8639145	177,0000000
665,2262600	1,8637899	176,0000000
665,2707220	1,8636653	160,0000000
665,3151840	1,8635408	155,0000000
665,3596460	1,8634162	171,0000000
665,4041080	1,8632917	175,0000000
665,4485700	1,8631672	175,0000000
665,4930320	1,8630428	159,0000000
665,5374940	1,8629183	176,0000000
665,5819560	1,8627938	170,0000000
665,6264180	1,8626694	177,0000000
665,6708800	1,8625450	153,0000000
665,7153420	1,8624206	165,0000000
665,7598040	1,8622962	159,0000000
665,8042660	1,8621719	163,0000000
665,8487280	1,8620475	174,0000000
665,8931900	1,8619232	157,0000000
665,9376520	1,8617989	167,0000000
665,9821140	1,8616746	176,0000000
666,0265760	1,8615503	171,0000000
666,0710380	1,8614260	165,0000000
666,1155000	1,8613018	165,0000000
666,1599620	1,8611776	162,0000000
666,2044240	1,8610533	169,0000000
666,2488860	1,8609291	162,0000000
666,2933480	1,8608050	172,0000000
666,3378100	1,8606808	169,0000000
666,3822720	1,8605567	170,0000000
666,4267340	1,8604325	173,0000000
666,4711960	1,8603084	154,0000000
666,5156580	1,8601843	150,0000000
666,5601200	1,8600602	171,0000000
666,6045820	1,8599362	153,0000000
666,6490440	1,8598121	173,0000000
666,6935060	1,8596881	163,0000000
666,7379680	1,8595641	163,0000000
666,7824300	1,8594401	169,0000000
666,8268920	1,8593161	187,0000000
666,8713540	1,8591921	175,0000000
666,9158160	1,8590682	173,0000000
666,9602780	1,8589442	174,0000000
667,0047400	1,8588203	181,0000000
667,0492020	1,8586964	176,0000000
667,0936640	1,8585725	176,0000000
667,1381260	1,8584487	175,0000000
667,1825880	1,8583248	179,0000000
667,2270500	1,8582010	160,0000000
667,2715120	1,8580772	177,0000000
667,3159740	1,8579534	171,0000000
667,3604360	1,8578296	187,0000000
667,4048980	1,8577058	178,0000000
667,4493600	1,8575821	168,0000000
667,4938220	1,8574583	178,0000000
667,5382840	1,8573346	184,0000000
667,5827460	1,8572109	172,0000000
667,6272080	1,8570872	177,0000000
667,6716700	1,8569636	183,0000000
667,7161320	1,8568399	180,0000000
667,7605940	1,8567163	174,0000000
667,8050560	1,8565927	166,0000000
667,8495180	1,8564691	168,0000000
667,8939800	1,8563455	181,0000000
667,9384420	1,8562219	174,0000000
667,9829040	1,8560984	168,0000000
668,0273660	1,8559748	178,0000000
668,0718280	1,8558513	165,0000000
668,1162900	1,8557278	171,0000000
668,1607520	1,8556043	174,0000000
668,2052140	1,8554808	159,0000000
668,2496760	1,8553574	172,0000000
668,2941380	1,8552339	165,0000000
668,3386000	1,8551105	179,0000000
668,3830620	1,8549871	207,0000000
668,4275240	1,8548637	251,0000000
668,4719860	1,8547404	248,0000000
668,5164480	1,8546170	197,0000000
668,5609100	1,8544937	177,0000000
668,6053720	1,8543703	187,0000000
668,6498340	1,8542470	170,0000000
668,6942960	1,8541237	166,0000000
668,7387580	1,8540005	163,0000000
668,7832200	1,8538772	162,0000000
668,8276820	1,8537540	164,0000000
668,8721440	1,8536307	172,0000000
668,9166060	1,8535075	166,0000000
668,9610680	1,8533843	171,0000000
669,0055300	1,8532612	155,0000000
669,0499920	1,8531380	167,0000000
669,0944540	1,8530149	168,0000000
669,1389160	1,8528917	187,0000000
669,1833780	1,8527686	178,0000000
669,2278400	1,8526455	186,0000000
669,2723020	1,8525225	163,0000000
669,3167640	1,8523994	159,0000000
669,3612260	1,8522764	183,0000000
669,4056880	1,8521533	171,0000000
669,4501500	1,8520303	163,0000000
669,4946120	1,8519073	172,0000000
669,5390740	1,8517843	178,0000000
669,5835360	1,8516614	166,0000000
669,6279980	1,8515384	170,0000000
669,6724600	1,8514155	157,0000000
669,7169220	1,8512926	169,0000000
669,7613840	1,8511697	157,0000000
669,8058460	1,8510468	159,0000000
669,8503080	1,8509239	158,0000000
669,8947700	1,8508011	163,0000000
669,9392320	1,8506783	166,0000000
669,9836940	1,8505554	158,0000000
670,0281560	1,8504326	177,0000000
670,0726180	1,8503099	181,0000000
670,1170800	1,8501871	164,0000000
670,1615420	1,8500643	179,0000000
670,2060040	1,8499416	177,0000000
670,2504660	1,8498189	174,0000000
670,2949280	1,8496962	172,0000000
670,3393900	1,8495735	163,0000000
670,3838520	1,8494508	159,0000000
670,4283140	1,8493282	167,0000000
670,4727760	1,8492055	172,0000000
670,5172380	1,8490829	164,0000000
670,5617000	1,8489603	155,0000000
670,6061620	1,8488377	168,0000000
670,6506240	1,8487152	165,0000000
670,6950860	1,8485926	170,0000000
670,7395480	1,8484701	165,0000000
670,7840100	1,8483475	171,0000000
670,8284720	1,8482250	183,0000000
670,8729340	1,8481025	167,0000000
670,9173960	1,8479801	179,0000000
670,9618580	1,8478576	165,0000000
671,0063200	1,8477352	154,0000000
671,0507820	1,8476127	170,0000000
671,0952440	1,8474903	165,0000000
671,1397060	1,8473679	170,0000000
671,1841680	1,8472456	173,0000000
671,2286300	1,8471232	165,0000000
671,2730920	1,8470008	170,0000000
671,3175540	1,8468785	169,0000000
671,3620160	1,8467562	172,0000000
671,4064780	1,8466339	177,0000000
671,4509400	1,8465116	178,0000000
671,4954020	1,8463894	169,0000000
671,5398640	1,8462671	174,0000000
671,5843260	1,8461449	178,0000000
671,6287880	1,8460227	182,0000000
671,6732500	1,8459005	165,0000000
671,7177120	1,8457783	171,0000000
671,7621740	1,8456561	177,0000000
671,8066360	1,8455340	176,0000000
671,8510980	1,8454118	173,0000000
671,8955600	1,8452897	175,0000000
671,9400220	1,8451676	172,0000000
671,9844840	1,8450455	171,0000000
672,0289460	1,8449235	172,0000000
672,0734080	1,8448014	175,0000000
672,1178700	1,8446794	170,0000000
672,1623320	1,8445574	174,0000000
672,2067940	1,8444353	178,0000000
672,2512560	1,8443134	185,0000000
672,2957180	1,8441914	183,0000000
672,3401800	1,8440694	180,0000000
672,3846420	1,8439475	164,0000000
672,4291040	1,8438256	188,0000000
672,4735660	1,8437037	179,0000000
672,5180280	1,8435818	174,0000000
672,5624900	1,8434599	182,0000000
672,6069520	1,8433380	180,0000000
672,6514140	1,8432162	165,0000000
672,6958760	1,8430944	173,0000000
672,7403380	1,8429725	182,0000000
672,7848000	1,8428507	186,0000000
672,8292620	1,8427290	174,0000000
672,8737240	1,8426072	175,0000000
672,9181860	1,8424855	182,0000000
672,9626480	1,8423637	188,0000000
673,0071100	1,8422420	180,0000000
673,0515720	1,8421203	172,0000000
673,0960340	1,8419986	181,0000000
673,1404960	1,8418770	179,0000000
673,1849580	1,8417553	188,0000000
673,2294200	1,8416337	183,0000000
673,2738820	1,8415121	189,0000000
673,3183440	1,8413905	195,0000000
673,3628060	1,8412689	170,0000000
673,4072680	1,8411473	190,0000000
673,4517300	1,8410257	186,0000000
673,4961920	1,8409042	172,0000000
673,5406540	1,8407827	189,0000000
673,5851160	1,8406612	186,0000000
673,6295780	1,8405397	208,0000000
673,6740400	1,8404182	185,0000000
673,7185020	1,8402968	186,0000000
673,7629640	1,8401753	193,0000000
673,8074260	1,8400539	183,0000000
673,8518880	1,8399325	208,0000000
673,8963500	1,8398111	192,0000000
673,9408120	1,8396897	185,0000000
673,9852740	1,8395683	210,0000000
674,0297360	1,8394470	186,0000000
674,0741980	1,8393257	188,0000000
674,1186600	1,8392043	198,0000000
674,1631220	1,8390830	188,0000000
674,2075840	1,8389618	188,0000000
674,2520460	1,8388405	213,0000000
674,2965080	1,8387193	196,0000000
674,3409700	1,8385980	203,0000000
674,3854320	1,8384768	202,0000000
674,4298940	1,8383556	222,0000000
674,4743560	1,8382344	204,0000000
674,5188180	1,8381132	192,0000000
674,5632800	1,8379921	199,0000000
674,6077420	1,8378709	198,0000000
674,6522040	1,8377498	215,0000000
674,6966660	1,8376287	225,0000000
674,7411280	1,8375076	211,0000000
674,7855900	1,8373866	202,0000000
674,8300520	1,8372655	216,0000000
674,8745140	1,8371445	215,0000000
674,9189760	1,8370234	204,0000000
674,9634380	1,8369024	204,0000000
675,0079000	1,8367814	208,0000000
675,0523620	1,8366604	209,0000000
675,0968240	1,8365395	204,0000000
675,1412860	1,8364185	206,0000000
675,1857480	1,8362976	211,0000000
675,2302100	1,8361767	210,0000000
675,2746720	1,8360558	198,0000000
675,3191340	1,8359349	226,0000000
675,3635960	1,8358140	227,0000000
675,4080580	1,8356932	212,0000000
675,4525200	1,8355724	197,0000000
675,4969820	1,8354515	209,0000000
675,5414440	1,8353307	220,0000000
675,5859060	1,8352099	216,0000000
675,6303680	1,8350892	218,0000000
675,6748300	1,8349684	212,0000000
675,7192920	1,8348477	194,0000000
675,7637540	1,8347269	202,0000000
675,8082160	1,8346062	196,0000000
675,8526780	1,8344855	210,0000000
675,8971400	1,8343649	199,0000000
675,9416020	1,8342442	214,0000000
675,9860640	1,8341236	203,0000000
676,0305260	1,8340029	205,0000000
676,0749880	1,8338823	184,0000000
676,1194500	1,8337617	200,0000000
676,1639120	1,8336411	195,0000000
676,2083740	1,8335206	211,0000000
676,2528360	1,8334000	219,0000000
676,2972980	1,8332795	217,0000000
676,3417600	1,8331590	207,0000000
676,3862220	1,8330385	181,0000000
676,4306840	1,8329180	187,0000000
676,4751460	1,8327975	205,0000000
676,5196080	1,8326771	182,0000000
676,5640700	1,8325566	202,0000000
676,6085320	1,8324362	194,0000000
676,6529940	1,8323158	185,0000000
676,6974560	1,8321954	196,0000000
676,7419180	1,8320750	206,0000000
676,7863800	1,8319547	203,0000000
676,8308420	1,8318343	201,0000000
676,8753040	1,8317140	197,0000000
676,9197660	1,8315937	191,0000000
676,9642280	1,8314734	184,0000000
677,0086900	1,8313531	181,0000000
677,0531520	1,8312328	193,0000000
677,0976140	1,8311126	202,0000000
677,1420760	1,8309924	207,0000000
677,1865380	1,8308721	194,0000000
677,2310000	1,8307519	203,0000000
677,2754620	1,8306318	201,0000000
677,3199240	1,8305116	190,0000000
677,3643860	1,8303914	185,0000000
677,4088480	1,8302713	187,0000000
677,4533100	1,8301512	185,0000000
677,4977720	1,8300311	186,0000000
677,5422340	1,8299110	184,0000000
677,5866960	1,8297909	181,0000000
677,6311580	1,8296708	192,0000000
677,6756200	1,8295508	175,0000000
677,7200820	1,8294308	184,0000000
677,7645440	1,8293108	196,0000000
677,8090060	1,8291908	192,0000000
677,8534680	1,8290708	191,0000000
677,8979300	1,8289508	187,0000000
677,9423920	1,8288309	197,0000000
677,9868540	1,8287109	194,0000000
678,0313160	1,8285910	185,0000000
678,0757780	1,8284711	158,0000000
678,1202400	1,8283512	183,0000000
678,1647020	1,8282314	185,0000000
678,2091640	1,8281115	185,0000000
678,2536260	1,8279917	178,0000000
678,2980880	1,8278718	184,0000000
678,3425500	1,8277520	165,0000000
678,3870120	1,8276322	196,0000000
678,4314740	1,8275125	190,0000000
678,4759360	1,8273927	197,0000000
678,5203980	1,8272730	194,0000000
678,5648600	1,8271532	203,0000000
678,6093220	1,8270335	205,0000000
678,6537840	1,8269138	192,0000000
678,6982460	1,8267941	191,0000000
678,7427080	1,8266745	200,0000000
678,7871700	1,8265548	204,0000000
678,8316320	1,8264352	185,0000000
678,8760940	1,8263156	199,0000000
678,9205560	1,8261960	204,0000000
678,9650180	1,8260764	199,0000000
679,0094800	1,8259568	212,0000000
679,0539420	1,8258372	195,0000000
679,0984040	1,8257177	216,0000000
679,1428660	1,8255982	209,0000000
679,1873280	1,8254787	202,0000000
679,2317900	1,8253592	212,0000000
679,2762520	1,8252397	210,0000000
679,3207140	1,8251202	236,0000000
679,3651760	1,8250008	210,0000000
679,4096380	1,8248813	209,0000000
679,4541000	1,8247619	225,0000000
679,4985620	1,8246425	240,0000000
679,5430240	1,8245231	217,0000000
679,5874860	1,8244038	235,0000000
679,6319480	1,8242844	239,0000000
679,6764100	1,8241651	236,0000000
679,7208720	1,8240458	264,0000000
679,7653340	1,8239264	256,0000000
679,8097960	1,8238072	266,0000000
679,8542580	1,8236879	261,0000000
679,8987200	1,8235686	266,0000000
679,9431820	1,8234494	292,0000000
679,9876440	1,8233301	275,0000000
680,0321060	1,8232109	303,0000000
680,0765680	1,8230917	306,0000000
680,1210300	1,8229726	289,0000000
680,1654920	1,8228534	299,0000000
680,2099540	1,8227342	314,0000000
680,2544160	1,8226151	311,0000000
680,2988780	1,8224960	300,0000000
680,3433400	1,8223769	329,0000000
680,3878020	1,8222578	342,0000000
680,4322640	1,8221387	357,0000000
680,4767260	1,8220197	358,0000000
680,5211880	1,8219006	353,0000000
680,5656500	1,8217816	392,0000000
680,6101120	1,8216626	396,0000000
680,6545740	1,8215436	384,0000000
680,6990360	1,8214246	432,0000000
680,7434980	1,8213056	412,0000000
680,7879600	1,8211867	438,0000000
680,8324220	1,8210678	421,0000000
680,8768840	1,8209488	413,0000000
680,9213460	1,8208299	471,0000000
680,9658080	1,8207110	494,0000000
681,0102700	1,8205922	527,0000000
681,0547320	1,8204733	530,0000000
681,0991940	1,8203545	555,0000000
681,1436560	1,8202357	508,0000000
681,1881180	1,8201168	554,0000000
681,2325800	1,8199981	579,0000000
681,2770420	1,8198793	601,0000000
681,3215040	1,8197605	592,0000000
681,3659660	1,8196418	651,0000000
681,4104280	1,8195230	639,0000000
681,4548900	1,8194043	625,0000000
681,4993520	1,8192856	666,0000000
681,5438140	1,8191669	702,0000000
681,5882760	1,8190483	714,0000000
681,6327380	1,8189296	748,0000000
681,6772000	1,8188110	746,0000000
681,7216620	1,8186923	799,0000000
681,7661240	1,8185737	795,0000000
681,8105860	1,8184551	872,0000000
681,8550480	1,8183366	867,0000000
681,8995100	1,8182180	891,0000000
681,9439720	1,8180995	965,0000000
681,9884340	1,8179809	927,0000000
682,0328960	1,8178624	902,0000000
682,0773580	1,8177439	982,0000000
682,1218200	1,8176254	1042,0000000
682,1662820	1,8175070	1047,0000000
682,2107440	1,8173885	1092,0000000
682,2552060	1,8172701	1040,0000000
682,2996680	1,8171517	1146,0000000
682,3441300	1,8170332	1048,0000000
682,3885920	1,8169149	1163,0000000
682,4330540	1,8167965	1184,0000000
682,4775160	1,8166781	1230,0000000
682,5219780	1,8165598	1285,0000000
682,5664400	1,8164414	1248,0000000
682,6109020	1,8163231	1251,0000000
682,6553640	1,8162048	1278,0000000
682,6998260	1,8160865	1341,0000000
682,7442880	1,8159683	1327,0000000
682,7887500	1,8158500	1314,0000000
682,8332120	1,8157318	1394,0000000
682,8776740	1,8156136	1382,0000000
682,9221360	1,8154954	1361,0000000
682,9665980	1,8153772	1438,0000000
683,0110600	1,8152590	1462,0000000
683,0555220	1,8151408	1369,0000000
683,0999840	1,8150227	1471,0000000
683,1444460	1,8149046	1434,0000000
683,1889080	1,8147864	1472,0000000
683,2333700	1,8146683	1461,0000000
683,2778320	1,8145503	1466,0000000
683,3222940	1,8144322	1464,0000000
683,3667560	1,8143141	1449,0000000
683,4112180	1,8141961	1505,0000000
683,4556800	1,8140781	1454,0000000
683,5001420	1,8139601	1515,0000000
683,5446040	1,8138421	1465,0000000
683,5890660	1,8137241	1444,0000000
683,6335280	1,8136061	1446,0000000
683,6779900	1,8134882	1427,0000000
683,7224520	1,8133703	1437,0000000
683,7669140	1,8132524	1414,0000000
683,8113760	1,8131345	1457,0000000
683,8558380	1,8130166	1431,0000000
683,9003000	1,8128987	1453,0000000
683,9447620	1,8127809	1450,0000000
683,9892240	1,8126630	1338,0000000
684,0336860	1,8125452	1312,0000000
684,0781480	1,8124274	1276,0000000
684,1226100	1,8123096	1271,0000000
684,1670720	1,8121918	1428,0000000
684,2115340	1,8120741	1442,0000000
684,2559960	1,8119563	1426,0000000
684,3004580	1,8118386	1408,0000000
684,3449200	1,8117209	1376,0000000
684,3893820	1,8116032	1259,0000000
684,4338440	1,8114855	1231,0000000
684,4783060	1,8113678	1212,0000000
684,5227680	1,8112502	1312,0000000
684,5672300	1,8111325	1304,0000000
684,6116920	1,8110149	1265,0000000
684,6561540	1,8108973	1162,0000000
684,7006160	1,8107797	1148,0000000
684,4000000	1,8928885	1211,0000000
