625,2104600	1,9830794	141,0000000
625,2549220	1,9829384	143,0000000
625,2993840	1,9827974	134,0000000
625,3438460	1,9826564	126,0000000
625,3883080	1,9825154	145,0000000
625,4327700	1,9823745	141,0000000
625,4772320	1,9822336	141,0000000
625,5216940	1,9820927	146,0000000
625,5661560	1,9819518	146,0000000
625,6106180	1,9818109	147,0000000
625,6550800	1,9816701	144,0000000
625,6995420	1,9815293	132,0000000
625,7440040	1,9813885	140,0000000
625,7884660	1,9812477	148,0000000
625,8329280	1,9811070	130,0000000
625,8773900	1,9809662	138,0000000
625,9218520	1,9808255	131,0000000
625,9663140	1,9806848	138,0000000
626,0107760	1,9805441	135,0000000
626,0552380	1,9804035	138,0000000
626,0997000	1,9802628	134,0000000
626,1441620	1,9801222	135,0000000
626,1886240	1,9799816	148,0000000
626,2330860	1,9798410	143,0000000
626,2775480	1,9797005	134,0000000
626,3220100	1,9795600	139,0000000
626,3664720	1,9794194	130,0000000
626,4109340	1,9792789	143,0000000
626,4553960	1,9791385	142,0000000
626,4998580	1,9789980	132,0000000
626,5443200	1,9788576	152,0000000
626,5887820	1,9787172	141,0000000
626,6332440	1,9785768	146,0000000
626,6777060	1,9784364	139,0000000
626,7221680	1,9782960	134,0000000
626,7666300	1,9781557	133,0000000
626,8110920	1,9780154	135,0000000
626,8555540	1,9778751	136,0000000
626,9000160	1,9777348	140,0000000
626,9444780	1,9775945	132,0000000
626,9889400	1,9774543	130,0000000
627,0334020	1,9773141	142,0000000
627,0778640	1,9771739	146,0000000
627,1223260	1,9770337	131,0000000
627,1667880	1,9768935	136,0000000
627,2112500	1,9767534	146,0000000
627,2557120	1,9766133	141,0000000
627,3001740	1,9764732	135,0000000
627,3446360	1,9763331	143,0000000
627,3890980	1,9761930	127,0000000
627,4335600	1,9760530	139,0000000
627,4780220	1,9759130	129,0000000
627,5224840	1,9757730	140,0000000
627,5669460	1,9756330	137,0000000
627,6114080	1,9754930	138,0000000
627,6558700	1,9753531	136,0000000
627,7003320	1,9752132	135,0000000
627,7447940	1,9750733	132,0000000
627,7892560	1,9749334	151,0000000
627,8337180	1,9747935	139,0000000
627,8781800	1,9746537	137,0000000
627,9226420	1,9745139	137,0000000
627,9671040	1,9743741	139,0000000
628,0115660	1,9742343	136,0000000
628,0560280	1,9740945	133,0000000
628,1004900	1,9739548	145,0000000
628,1449520	1,9738151	134,0000000
628,1894140	1,9736754	146,0000000
628,2338760	1,9735357	151,0000000
628,2783380	1,9733960	146,0000000
628,3228000	1,9732564	153,0000000
628,3672620	1,9731168	142,0000000
628,4117240	1,9729771	138,0000000
628,4561860	1,9728376	139,0000000
628,5006480	1,9726980	137,0000000
628,5451100	1,9725585	143,0000000
628,5895720	1,9724189	137,0000000
628,6340340	1,9722794	142,0000000
628,6784960	1,9721399	149,0000000
628,7229580	1,9720005	136,0000000
628,7674200	1,9718610	147,0000000
628,8118820	1,9717216	140,0000000
628,8563440	1,9715822	140,0000000
628,9008060	1,9714428	147,0000000
628,9452680	1,9713034	138,0000000
628,9897300	1,9711641	130,0000000
629,0341920	1,9710248	130,0000000
629,0786540	1,9708855	133,0000000
629,1231160	1,9707462	130,0000000
629,1675780	1,9706069	130,0000000
629,2120400	1,9704677	133,0000000
629,2565020	1,9703284	142,0000000
629,3009640	1,9701892	139,0000000
629,3454260	1,9700500	142,0000000
629,3898880	1,9699109	134,0000000
629,4343500	1,9697717	140,0000000
629,4788120	1,9696326	135,0000000
629,5232740	1,9694935	135,0000000
629,5677360	1,9693544	137,0000000
629,6121980	1,9692153	132,0000000
629,6566600	1,9690762	135,0000000
629,7011220	1,9689372	141,0000000
629,7455840	1,9687982	131,0000000
629,7900460	1,9686592	126,0000000
629,8345080	1,9685202	134,0000000
629,8789700	1,9683813	129,0000000
629,9234320	1,9682423	129,0000000
629,9678940	1,9681034	129,0000000
630,0123560	1,9679645	138,0000000
630,0568180	1,9678257	140,0000000
630,1012800	1,9676868	146,0000000
630,1457420	1,9675480	130,0000000
630,1902040	1,9674091	132,0000000
630,2346660	1,9672703	123,0000000
630,2791280	1,9671316	131,0000000
630,3235900	1,9669928	126,0000000
630,3680520	1,9668541	138,0000000
630,4125140	1,9667154	126,0000000
630,4569760	1,9665767	123,0000000
630,5014380	1,9664380	127,0000000
630,5459000	1,9662993	133,0000000
630,5903620	1,9661607	131,0000000
630,6348240	1,9660221	137,0000000
630,6792860	1,9658834	132,0000000
630,7237480	1,9657449	139,0000000
630,7682100	1,9656063	138,0000000
630,8126720	1,9654678	134,0000000
630,8571340	1,9653292	138,0000000
630,9015960	1,9651907	135,0000000
630,9460580	1,9650522	136,0000000
630,9905200	1,9649138	138,0000000
631,0349820	1,9647753	128,0000000
631,0794440	1,9646369	133,0000000
631,1239060	1,9644985	132,0000000
631,1683680	1,9643601	131,0000000
631,2128300	1,9642218	142,0000000
631,2572920	1,9640834	144,0000000
631,3017540	1,9639451	132,0000000
631,3462160	1,9638068	143,0000000
631,3906780	1,9636685	154,0000000
631,4351400	1,9635302	137,0000000
631,4796020	1,9633920	134,0000000
631,5240640	1,9632537	136,0000000
631,5685260	1,9631155	140,0000000
631,6129880	1,9629773	133,0000000
631,6574500	1,9628391	141,0000000
631,7019120	1,9627010	140,0000000
631,7463740	1,9625629	128,0000000
631,7908360	1,9624247	134,0000000
631,8352980	1,9622866	132,0000000
631,8797600	1,9621486	142,0000000
631,9242220	1,9620105	141,0000000
631,9686840	1,9618725	129,0000000
632,0131460	1,9617345	128,0000000
632,0576080	1,9615965	124,0000000
632,1020700	1,9614585	127,0000000
632,1465320	1,9613205	132,0000000
632,1909940	1,9611826	144,0000000
632,2354560	1,9610447	131,0000000
632,2799180	1,9609068	126,0000000
632,3243800	1,9607689	131,0000000
632,3688420	1,9606310	132,0000000
632,4133040	1,9604932	137,0000000
632,4577660	1,9603554	141,0000000
632,5022280	1,9602176	133,0000000
632,5466900	1,9600798	124,0000000
632,5911520	1,9599420	127,0000000
632,6356140	1,9598043	132,0000000
632,6800760	1,9596665	129,0000000
632,7245380	1,9595288	136,0000000
632,7690000	1,9593911	136,0000000
632,8134620	1,9592535	142,0000000
632,8579240	1,9591158	134,0000000
632,9023860	1,9589782	137,0000000
632,9468480	1,9588406	135,0000000
632,9913100	1,9587030	138,0000000
633,0357720	1,9585654	142,0000000
633,0802340	1,9584279	144,0000000
633,1246960	1,9582903	131,0000000
633,1691580	1,9581528	136,0000000
633,2136200	1,9580153	133,0000000
633,2580820	1,9578778	137,0000000
633,3025440	1,9577404	132,0000000
633,3470060	1,9576030	138,0000000
633,3914680	1,9574655	149,0000000
633,4359300	1,9573281	142,0000000
633,4803920	1,9571908	136,0000000
633,5248540	1,9570534	127,0000000
633,5693160	1,9569161	131,0000000
633,6137780	1,9567787	138,0000000
633,6582400	1,9566414	129,0000000
633,7027020	1,9565042	126,0000000
633,7471640	1,9563669	140,0000000
633,7916260	1,9562296	143,0000000
633,8360880	1,9560924	128,0000000
633,8805500	1,9559552	131,0000000
633,9250120	1,9558180	138,0000000
633,9694740	1,9556809	137,0000000
634,0139360	1,9555437	129,0000000
634,0583980	1,9554066	126,0000000
634,1028600	1,9552695	125,0000000
634,1473220	1,9551324	127,0000000
634,1917840	1,9549953	129,0000000
634,2362460	1,9548583	122,0000000
634,2807080	1,9547212	130,0000000
634,3251700	1,9545842	140,0000000
634,3696320	1,9544472	129,0000000
634,4140940	1,9543103	136,0000000
634,4585560	1,9541733	142,0000000
634,5030180	1,9540364	133,0000000
634,5474800	1,9538994	130,0000000
634,5919420	1,9537625	133,0000000
634,6364040	1,9536257	131,0000000
634,6808660	1,9534888	140,0000000
634,7253280	1,9533520	135,0000000
634,7697900	1,9532151	135,0000000
634,8142520	1,9530783	143,0000000
634,8587140	1,9529416	125,0000000
634,9031760	1,9528048	127,0000000
634,9476380	1,9526681	141,0000000
634,9921000	1,9525313	136,0000000
635,0365620	1,9523946	130,0000000
635,0810240	1,9522579	131,0000000
635,1254860	1,9521213	134,0000000
635,1699480	1,9519846	138,0000000
635,2144100	1,9518480	138,0000000
635,2588720	1,9517114	137,0000000
635,3033340	1,9515748	126,0000000
635,3477960	1,9514382	132,0000000
635,3922580	1,9513017	132,0000000
635,4367200	1,9511651	129,0000000
635,4811820	1,9510286	131,0000000
635,5256440	1,9508921	141,0000000
635,5701060	1,9507556	133,0000000
635,6145680	1,9506192	140,0000000
635,6590300	1,9504827	136,0000000
635,7034920	1,9503463	142,0000000
635,7479540	1,9502099	132,0000000
635,7924160	1,9500735	131,0000000
635,8368780	1,9499372	130,0000000
635,8813400	1,9498008	134,0000000
635,9258020	1,9496645	136,0000000
635,9702640	1,9495282	151,0000000
636,0147260	1,9493919	137,0000000
636,0591880	1,9492557	131,0000000
636,1036500	1,9491194	127,0000000
636,1481120	1,9489832	131,0000000
636,1925740	1,9488470	133,0000000
636,2370360	1,9487108	130,0000000
636,2814980	1,9485746	128,0000000
636,3259600	1,9484385	130,0000000
636,3704220	1,9483023	125,0000000
636,4148840	1,9481662	131,0000000
636,4593460	1,9480301	123,0000000
636,5038080	1,9478940	135,0000000
636,5482700	1,9477580	136,0000000
636,5927320	1,9476219	129,0000000
636,6371940	1,9474859	125,0000000
636,6816560	1,9473499	124,0000000
636,7261180	1,9472139	134,0000000
636,7705800	1,9470780	136,0000000
636,8150420	1,9469420	136,0000000
636,8595040	1,9468061	129,0000000
636,9039660	1,9466702	136,0000000
636,9484280	1,9465343	145,0000000
636,9928900	1,9463984	146,0000000
637,0373520	1,9462626	146,0000000
637,0818140	1,9461268	129,0000000
637,1262760	1,9459910	134,0000000
637,1707380	1,9458552	128,0000000
637,2152000	1,9457194	131,0000000
637,2596620	1,9455836	129,0000000
637,3041240	1,9454479	126,0000000
637,3485860	1,9453122	127,0000000
637,3930480	1,9451765	130,0000000
637,4375100	1,9450408	134,0000000
637,4819720	1,9449051	144,0000000
637,5264340	1,9447695	137,0000000
637,5708960	1,9446339	141,0000000
637,6153580	1,9444983	140,0000000
637,6598200	1,9443627	131,0000000
637,7042820	1,9442271	122,0000000
637,7487440	1,9440916	136,0000000
637,7932060	1,9439561	127,0000000
637,8376680	1,9438206	127,0000000
637,8821300	1,9436851	131,0000000
637,9265920	1,9435496	140,0000000
637,9710540	1,9434141	137,0000000
638,0155160	1,9432787	132,0000000
638,0599780	1,9431433	140,0000000
638,1044400	1,9430079	128,0000000
638,1489020	1,9428725	128,0000000
638,1933640	1,9427372	132,0000000
638,2378260	1,9426018	132,0000000
638,2822880	1,9424665	135,0000000
638,3267500	1,9423312	133,0000000
638,3712120	1,9421959	130,0000000
638,4156740	1,9420607	141,0000000
638,4601360	1,9419254	138,0000000
638,5045980	1,9417902	143,0000000
638,5490600	1,9416550	122,0000000
638,5935220	1,9415198	136,0000000
638,6379840	1,9413846	134,0000000
638,6824460	1,9412495	125,0000000
638,7269080	1,9411144	126,0000000
638,7713700	1,9409792	139,0000000
638,8158320	1,9408441	141,0000000
638,8602940	1,9407091	129,0000000
638,9047560	1,9405740	144,0000000
638,9492180	1,9404390	136,0000000
638,9936800	1,9403040	131,0000000
639,0381420	1,9401690	129,0000000
639,0826040	1,9400340	134,0000000
639,1270660	1,9398990	131,0000000
639,1715280	1,9397641	132,0000000
639,2159900	1,9396292	132,0000000
639,2604520	1,9394942	142,0000000
639,3049140	1,9393594	136,0000000
639,3493760	1,9392245	137,0000000
639,3938380	1,9390896	134,0000000
639,4383000	1,9389548	138,0000000
639,4827620	1,9388200	140,0000000
639,5272240	1,9386852	141,0000000
639,5716860	1,9385504	135,0000000
639,6161480	1,9384157	129,0000000
639,6606100	1,9382809	144,0000000
639,7050720	1,9381462	135,0000000
639,7495340	1,9380115	146,0000000
639,7939960	1,9378768	137,0000000
639,8384580	1,9377422	137,0000000
639,8829200	1,9376075	132,0000000
639,9273820	1,9374729	132,0000000
639,9718440	1,9373383	138,0000000
640,0163060	1,9372037	133,0000000
640,0607680	1,9370692	137,0000000
640,1052300	1,9369346	133,0000000
640,1496920	1,9368001	131,0000000
640,1941540	1,9366656	130,0000000
640,2386160	1,9365311	132,0000000
640,2830780	1,9363966	133,0000000
640,3275400	1,9362621	135,0000000
640,3720020	1,9361277	139,0000000
640,4164640	1,9359933	150,0000000
640,4609260	1,9358589	131,0000000
640,5053880	1,9357245	140,0000000
640,5498500	1,9355901	133,0000000
640,5943120	1,9354558	136,0000000
640,6387740	1,9353215	134,0000000
640,6832360	1,9351872	131,0000000
640,7276980	1,9350529	122,0000000
640,7721600	1,9349186	124,0000000
640,8166220	1,9347843	134,0000000
640,8610840	1,9346501	131,0000000
640,9055460	1,9345159	141,0000000
640,9500080	1,9343817	130,0000000
640,9944700	1,9342475	137,0000000
641,0389320	1,9341134	122,0000000
641,0833940	1,9339792	133,0000000
641,1278560	1,9338451	134,0000000
641,1723180	1,9337110	139,0000000
641,2167800	1,9335769	134,0000000
641,2612420	1,9334429	135,0000000
641,3057040	1,9333088	127,0000000
641,3501660	1,9331748	130,0000000
641,3946280	1,9330408	135,0000000
641,4390900	1,9329068	136,0000000
641,4835520	1,9327728	132,0000000
641,5280140	1,9326389	142,0000000
641,5724760	1,9325049	135,0000000
641,6169380	1,9323710	142,0000000
641,6614000	1,9322371	133,0000000
641,7058620	1,9321032	129,0000000
641,7503240	1,9319694	134,0000000
641,7947860	1,9318355	121,0000000
641,8392480	1,9317017	131,0000000
641,8837100	1,9315679	136,0000000
641,9281720	1,9314341	137,0000000
641,9726340	1,9313003	135,0000000
642,0170960	1,9311666	131,0000000
642,0615580	1,9310329	134,0000000
642,1060200	1,9308992	136,0000000
642,1504820	1,9307655	137,0000000
642,1949440	1,9306318	141,0000000
642,2394060	1,9304981	137,0000000
642,2838680	1,9303645	128,0000000
642,3283300	1,9302309	126,0000000
642,3727920	1,9300973	140,0000000
642,4172540	1,9299637	130,0000000
642,4617160	1,9298301	130,0000000
642,5061780	1,9296966	140,0000000
642,5506400	1,9295630	131,0000000
642,5951020	1,9294295	138,0000000
642,6395640	1,9292960	135,0000000
642,6840260	1,9291626	126,0000000
642,7284880	1,9290291	132,0000000
642,7729500	1,9288957	132,0000000
642,8174120	1,9287623	136,0000000
642,8618740	1,9286289	140,0000000
642,9063360	1,9284955	138,0000000
642,9507980	1,9283621	137,0000000
642,9952600	1,9282288	135,0000000
643,0397220	1,9280955	139,0000000
643,0841840	1,9279622	137,0000000
643,1286460	1,9278289	122,0000000
643,1731080	1,9276956	128,0000000
643,2175700	1,9275623	139,0000000
643,2620320	1,9274291	137,0000000
643,3064940	1,9272959	133,0000000
643,3509560	1,9271627	148,0000000
643,3954180	1,9270295	139,0000000
643,4398800	1,9268964	136,0000000
643,4843420	1,9267632	134,0000000
643,5288040	1,9266301	138,0000000
643,5732660	1,9264970	140,0000000
643,6177280	1,9263639	133,0000000
643,6621900	1,9262309	135,0000000
643,7066520	1,9260978	134,0000000
643,7511140	1,9259648	137,0000000
643,7955760	1,9258318	142,0000000
643,8400380	1,9256988	127,0000000
643,8845000	1,9255658	139,0000000
643,9289620	1,9254328	123,0000000
643,9734240	1,9252999	141,0000000
644,0178860	1,9251670	135,0000000
644,0623480	1,9250341	132,0000000
644,1068100	1,9249012	139,0000000
644,1512720	1,9247683	128,0000000
644,1957340	1,9246355	138,0000000
644,2401960	1,9245027	135,0000000
644,2846580	1,9243698	134,0000000
644,3291200	1,9242371	142,0000000
644,3735820	1,9241043	139,0000000
644,4180440	1,9239715	136,0000000
644,4625060	1,9238388	147,0000000
644,5069680	1,9237061	134,0000000
644,5514300	1,9235734	138,0000000
644,5958920	1,9234407	144,0000000
644,6403540	1,9233080	132,0000000
644,6848160	1,9231754	136,0000000
644,7292780	1,9230428	132,0000000
644,7737400	1,9229102	134,0000000
644,8182020	1,9227776	131,0000000
644,8626640	1,9226450	135,0000000
644,9071260	1,9225124	138,0000000
644,9515880	1,9223799	144,0000000
644,9960500	1,9222474	136,0000000
645,0405120	1,9221149	136,0000000
645,0849740	1,9219824	137,0000000
645,1294360	1,9218499	139,0000000
645,1738980	1,9217175	141,0000000
645,2183600	1,9215851	139,0000000
645,2628220	1,9214527	135,0000000
645,3072840	1,9213203	150,0000000
645,3517460	1,9211879	148,0000000
645,3962080	1,9210556	141,0000000
645,4406700	1,9209232	139,0000000
645,4851320	1,9207909	142,0000000
645,5295940	1,9206586	140,0000000
645,5740560	1,9205263	140,0000000
645,6185180	1,9203941	146,0000000
645,6629800	1,9202618	143,0000000
645,7074420	1,9201296	143,0000000
645,7519040	1,9199974	139,0000000
645,7963660	1,9198652	141,0000000
645,8408280	1,9197330	137,0000000
645,8852900	1,9196009	142,0000000
645,9297520	1,9194687	163,0000000
645,9742140	1,9193366	146,0000000
646,0186760	1,9192045	137,0000000
646,0631380	1,9190725	132,0000000
646,1076000	1,9189404	137,0000000
646,1520620	1,9188083	140,0000000
646,1965240	1,9186763	144,0000000
646,2409860	1,9185443	151,0000000
646,2854480	1,9184123	151,0000000
646,3299100	1,9182804	144,0000000
646,3743720	1,9181484	147,0000000
646,4188340	1,9180165	142,0000000
646,4632960	1,9178846	142,0000000
646,5077580	1,9177527	152,0000000
646,5522200	1,9176208	151,0000000
646,5966820	1,9174889	144,0000000
646,6411440	1,9173571	148,0000000
646,6856060	1,9172252	143,0000000
646,7300680	1,9170934	144,0000000
646,7745300	1,9169616	149,0000000
646,8189920	1,9168299	138,0000000
646,8634540	1,9166981	136,0000000
646,9079160	1,9165664	148,0000000
646,9523780	1,9164347	147,0000000
646,9968400	1,9163030	154,0000000
647,0413020	1,9161713	152,0000000
647,0857640	1,9160396	154,0000000
647,1302260	1,9159080	135,0000000
647,1746880	1,9157764	148,0000000
647,2191500	1,9156448	148,0000000
647,2636120	1,9155132	145,0000000
647,3080740	1,9153816	150,0000000
647,3525360	1,9152500	139,0000000
647,3969980	1,9151185	151,0000000
647,4414600	1,9149870	145,0000000
647,4859220	1,9148555	148,0000000
647,5303840	1,9147240	147,0000000
647,5748460	1,9145925	147,0000000
647,6193080	1,9144611	151,0000000
647,6637700	1,9143297	158,0000000
647,7082320	1,9141983	160,0000000
647,7526940	1,9140669	164,0000000
647,7971560	1,9139355	150,0000000
647,8416180	1,9138041	151,0000000
647,8860800	1,9136728	143,0000000
647,9305420	1,9135415	154,0000000
647,9750040	1,9134102	149,0000000
648,0194660	1,9132789	158,0000000
648,0639280	1,9131476	150,0000000
648,1083900	1,9130164	158,0000000
648,1528520	1,9128852	151,0000000
648,1973140	1,9127539	152,0000000
648,2417760	1,9126228	166,0000000
648,2862380	1,9124916	152,0000000
648,3307000	1,9123604	160,0000000
648,3751620	1,9122293	165,0000000
648,4196240	1,9120982	173,0000000
648,4640860	1,9119671	168,0000000
648,5085480	1,9118360	162,0000000
648,5530100	1,9117049	168,0000000
648,5974720	1,9115739	171,0000000
648,6419340	1,9114428	159,0000000
648,6863960	1,9113118	177,0000000
648,7308580	1,9111808	162,0000000
648,7753200	1,9110498	175,0000000
648,8197820	1,9109189	165,0000000
648,8642440	1,9107879	180,0000000
648,9087060	1,9106570	172,0000000
648,9531680	1,9105261	171,0000000
648,9976300	1,9103952	168,0000000
649,0420920	1,9102644	177,0000000
649,0865540	1,9101335	169,0000000
649,1310160	1,9100027	172,0000000
649,1754780	1,9098718	174,0000000
649,2199400	1,9097411	176,0000000
649,2644020	1,9096103	179,0000000
649,3088640	1,9094795	181,0000000
649,3533260	1,9093488	186,0000000
649,3977880	1,9092180	192,0000000
649,4422500	1,9090873	184,0000000
649,4867120	1,9089566	187,0000000
649,5311740	1,9088260	206,0000000
649,5756360	1,9086953	204,0000000
649,6200980	1,9085647	205,0000000
649,6645600	1,9084341	206,0000000
649,7090220	1,9083035	181,0000000
649,7534840	1,9081729	213,0000000
649,7979460	1,9080423	221,0000000
649,8424080	1,9079118	233,0000000
649,8868700	1,9077812	204,0000000
649,9313320	1,9076507	207,0000000
649,9757940	1,9075202	231,0000000
650,0202560	1,9073897	222,0000000
650,0647180	1,9072593	236,0000000
650,1091800	1,9071288	241,0000000
650,1536420	1,9069984	254,0000000
650,1981040	1,9068680	243,0000000
650,2425660	1,9067376	237,0000000
650,2870280	1,9066073	253,0000000
650,3314900	1,9064769	257,0000000
650,3759520	1,9063466	244,0000000
650,4204140	1,9062163	263,0000000
650,4648760	1,9060860	298,0000000
650,5093380	1,9059557	286,0000000
650,5538000	1,9058254	281,0000000
650,5982620	1,9056952	323,0000000
650,6427240	1,9055650	313,0000000
650,6871860	1,9054347	320,0000000
650,7316480	1,9053046	338,0000000
650,7761100	1,9051744	347,0000000
650,8205720	1,9050442	368,0000000
650,8650340	1,9049141	350,0000000
650,9094960	1,9047840	368,0000000
650,9539580	1,9046539	393,0000000
650,9984200	1,9045238	376,0000000
651,0428820	1,9043937	426,0000000
651,0873440	1,9042637	459,0000000
651,1318060	1,9041336	425,0000000
651,1762680	1,9040036	456,0000000
651,2207300	1,9038736	454,0000000
651,2651920	1,9037436	475,0000000
651,3096540	1,9036137	501,0000000
651,3541160	1,9034837	543,0000000
651,3985780	1,9033538	590,0000000
651,4430400	1,9032239	590,0000000
651,4875020	1,9030940	539,0000000
651,5319640	1,9029641	653,0000000
651,5764260	1,9028343	646,0000000
651,6208880	1,9027045	673,0000000
651,6653500	1,9025746	692,0000000
651,7098120	1,9024448	723,0000000
651,7542740	1,9023151	682,0000000
651,7987360	1,9021853	733,0000000
651,8431980	1,9020555	773,0000000
651,8876600	1,9019258	794,0000000
651,9321220	1,9017961	864,0000000
651,9765840	1,9016664	851,0000000
652,0210460	1,9015367	950,0000000
652,0655080	1,9014071	965,0000000
652,1099700	1,9012774	982,0000000
652,1544320	1,9011478	1042,0000000
652,1988940	1,9010182	1064,0000000
652,2433560	1,9008886	1124,0000000
652,2878180	1,9007590	1106,0000000
652,3322800	1,9006295	1175,0000000
652,3767420	1,9005000	1258,0000000
652,4212040	1,9003704	1216,0000000
652,4656660	1,9002409	1332,0000000
652,5101280	1,9001115	1341,0000000
652,5545900	1,8999820	1440,0000000
652,5990520	1,8998525	1421,0000000
652,6435140	1,8997231	1478,0000000
652,6879760	1,8995937	1501,0000000
652,7324380	1,8994643	1605,0000000
652,7769000	1,8993349	1574,0000000
652,8213620	1,8992056	1710,0000000
652,8658240	1,8990762	1690,0000000
652,9102860	1,8989469	1778,0000000
652,9547480	1,8988176	1848,0000000
652,9992100	1,8986883	1862,0000000
653,0436720	1,8985590	1938,0000000
653,0881340	1,8984298	2016,0000000
653,1325960	1,8983006	2121,0000000
653,1770580	1,8981713	2208,0000000
653,2215200	1,8980421	2262,0000000
653,2659820	1,8979130	2377,0000000
653,3104440	1,8977838	2366,0000000
653,3549060	1,8976546	2328,0000000
653,3993680	1,8975255	2392,0000000
653,4438300	1,8973964	2325,0000000
653,4882920	1,8972673	2414,0000000
653,5327540	1,8971382	2526,0000000
653,5772160	1,8970092	2674,0000000
653,6216780	1,8968801	2685,0000000
653,6661400	1,8967511	2714,0000000
653,7106020	1,8966221	2821,0000000
653,7550640	1,8964931	2783,0000000
653,7995260	1,8963641	2903,0000000
653,8439880	1,8962352	2902,0000000
653,8884500	1,8961062	2939,0000000
653,9329120	1,8959773	3049,0000000
653,9773740	1,8958484	3069,0000000
654,0218360	1,8957195	3208,0000000
654,0662980	1,8955907	3168,0000000
654,1107600	1,8954618	3214,0000000
654,1552220	1,8953330	3248,0000000
654,1996840	1,8952042	3325,0000000
654,2441460	1,8950754	3427,0000000
654,2886080	1,8949466	3339,0000000
654,3330700	1,8948178	3333,0000000
654,3775320	1,8946891	3369,0000000
654,4219940	1,8945604	3444,0000000
654,4664560	1,8944317	3427,0000000
654,5109180	1,8943030	3418,0000000
654,5553800	1,8941743	3568,0000000
654,5998420	1,8940456	3530,0000000
654,6443040	1,8939170	3498,0000000
654,6887660	1,8937884	3540,0000000
654,7332280	1,8936598	3537,0000000
654,7776900	1,8935312	3488,0000000
654,8221520	1,8934026	3610,0000000
654,8666140	1,8932741	3530,0000000
654,9110760	1,8931455	3467,0000000
654,9555380	1,8930170	3443,0000000
655,0000000	1,8928885	3434,0000000
655,0444620	1,8927600	3523,0000000
655,0889240	1,8926316	3508,0000000
655,1333860	1,8925031	3565,0000000
655,1778480	1,8923747	3402,0000000
655,2223100	1,8922463	3423,0000000
655,2667720	1,8921179	3415,0000000
655,3112340	1,8919895	3392,0000000
655,3556960	1,8918611	3366,0000000
655,4001580	1,8917328	3221,0000000
655,4446200	1,8916045	3092,0000000
655,4890820	1,8914762	3014,0000000
655,5335440	1,8913479	2980,0000000
655,5780060	1,8912196	2946,0000000
655,6224680	1,8910913	2977,0000000
655,6669300	1,8909631	3040,0000000
655,7113920	1,8908349	3024,0000000
655,7558540	1,8907067	3088,0000000
655,8003160	1,8905785	3022,0000000
655,8447780	1,8904503	2874,0000000
655,8892400	1,8903222	2878,0000000
655,9337020	1,8901940	2927,0000000
655,9781640	1,8900659	2919,0000000
656,0226260	1,8899378	2957,0000000
656,0670880	1,8898097	2817,0000000
656,1115500	1,8896817	2785,0000000
656,1560120	1,8895536	2738,0000000
656,2004740	1,8894256	2609,0000000
656,2449360	1,8892976	2621,0000000
656,2893980	1,8891696	2644,0000000
656,3338600	1,8890416	2619,0000000
656,3783220	1,8889136	2564,0000000
656,4227840	1,8887857	2405,0000000
656,4672460	1,8886578	2292,0000000
656,5117080	1,8885299	2265,0000000
656,5561700	1,8884020	2187,0000000
656,6006320	1,8882741	2221,0000000
656,6450940	1,8881462	2067,0000000
656,6895560	1,8880184	1977,0000000
656,7340180	1,8878906	1881,0000000
656,7784800	1,8877628	1901,0000000
656,8229420	1,8876350	1890,0000000
656,8674040	1,8875072	1927,0000000
656,9118660	1,8873795	1818,0000000
656,9563280	1,8872517	1844,0000000
657,0007900	1,8871240	1876,0000000
657,0452520	1,8869963	1788,0000000
657,0897140	1,8868686	1778,0000000
657,1341760	1,8867410	1630,0000000
657,1786380	1,8866133	1681,0000000
657,2231000	1,8864857	1646,0000000
657,2675620	1,8863581	1628,0000000
657,3120240	1,8862305	1559,0000000
657,3564860	1,8861029	1500,0000000
657,4009480	1,8859753	1483,0000000
657,4454100	1,8858478	1525,0000000
657,4898720	1,8857203	1432,0000000
657,5343340	1,8855927	1536,0000000
657,5787960	1,8854653	1370,0000000
657,6232580	1,8853378	1380,0000000
657,6677200	1,8852103	1448,0000000
657,7121820	1,8850829	1398,0000000
657,7566440	1,8849554	1322,0000000
657,8011060	1,8848280	1148,0000000
657,8455680	1,8847007	1118,0000000
657,8900300	1,8845733	1065,0000000
657,9344920	1,8844459	1097,0000000
657,9789540	1,8843186	1064,0000000
658,0234160	1,8841913	1046,0000000
658,0678780	1,8840640	958,0000000
658,1123400	1,8839367	929,0000000
658,1568020	1,8838094	888,0000000
658,2012640	1,8836821	851,0000000
658,2457260	1,8835549	868,0000000
658,2901880	1,8834277	797,0000000
658,3346500	1,8833005	751,0000000
658,3791120	1,8831733	739,0000000
658,4235740	1,8830461	750,0000000
658,4680360	1,8829190	728,0000000
658,5124980	1,8827919	661,0000000
658,5569600	1,8826647	647,0000000
658,6014220	1,8825376	658,0000000
658,6458840	1,8824106	607,0000000
658,6903460	1,8822835	638,0000000
658,7348080	1,8821565	646,0000000
658,7792700	1,8820294	636,0000000
658,8237320	1,8819024	628,0000000
658,8681940	1,8817754	564,0000000
658,9126560	1,8816484	573,0000000
658,9571180	1,8815215	558,0000000
659,0015800	1,8813945	508,0000000
659,0460420	1,8812676	528,0000000
659,0905040	1,8811407	510,0000000
659,1349660	1,8810138	479,0000000
659,1794280	1,8808869	463,0000000
659,2238900	1,8807601	445,0000000
659,2683520	1,8806332	417,0000000
659,3128140	1,8805064	412,0000000
659,3572760	1,8803796	405,0000000
659,4017380	1,8802528	375,0000000
659,4462000	1,8801260	391,0000000
659,4906620	1,8799993	343,0000000
659,5351240	1,8798725	358,0000000
659,5795860	1,8797458	333,0000000
659,6240480	1,8796191	373,0000000
659,6685100	1,8794924	366,0000000
659,7129720	1,8793658	293,0000000
659,7574340	1,8792391	329,0000000
659,8018960	1,8791125	299,0000000
659,8463580	1,8789859	281,0000000
659,8908200	1,8788592	303,0000000
659,9352820	1,8787327	274,0000000
659,9797440	1,8786061	273,0000000
660,0242060	1,8784795	279,0000000
660,0686680	1,8783530	263,0000000
660,1131300	1,8782265	279,0000000
660,1575920	1,8781000	275,0000000
660,2020540	1,8779735	293,0000000
660,2465160	1,8778470	269,0000000
660,2909780	1,8777206	249,0000000
660,3354400	1,8775942	240,0000000
660,3799020	1,8774678	233,0000000
660,4243640	1,8773414	234,0000000
660,4688260	1,8772150	249,0000000
660,5132880	1,8770886	221,0000000
660,5577500	1,8769623	216,0000000
660,6022120	1,8768359	217,0000000
660,6466740	1,8767096	226,0000000
660,6911360	1,8765833	201,0000000
660,7355980	1,8764570	203,0000000
660,7800600	1,8763308	207,0000000
660,8245220	1,8762045	199,0000000
660,8689840	1,8760783	206,0000000
660,9134460	1,8759521	193,0000000
660,9579080	1,8758259	185,0000000
661,0023700	1,8756997	206,0000000
661,0468320	1,8755736	185,0000000
661,0912940	1,8754474	193,0000000
661,1357560	1,8753213	204,0000000
661,1802180	1,8751952	204,0000000
661,2246800	1,8750691	188,0000000
661,2691420	1,8749430	202,0000000
661,3136040	1,8748170	195,0000000
661,3580660	1,8746909	193,0000000
661,4025280	1,8745649	179,0000000
661,4469900	1,8744389	189,0000000
661,4914520	1,8743129	182,0000000
661,5359140	1,8741869	178,0000000
661,5803760	1,8740610	178,0000000
661,6248380	1,8739350	190,0000000
661,6693000	1,8738091	195,0000000
661,7137620	1,8736832	186,0000000
661,7582240	1,8735573	189,0000000
661,8026860	1,8734315	192,0000000
661,8471480	1,8733056	183,0000000
661,8916100	1,8731798	188,0000000
661,9360720	1,8730539	193,0000000
661,9805340	1,8729281	202,0000000
662,0249960	1,8728024	185,0000000
662,0694580	1,8726766	171,0000000
662,1139200	1,8725508	168,0000000
662,1583820	1,8724251	184,0000000
662,2028440	1,8722994	179,0000000
662,2473060	1,8721737	181,0000000
662,2917680	1,8720480	183,0000000
662,3362300	1,8719223	179,0000000
662,3806920	1,8717967	175,0000000
662,4251540	1,8716710	176,0000000
662,4696160	1,8715454	176,0000000
662,5140780	1,8714198	158,0000000
662,5585400	1,8712942	169,0000000
662,6030020	1,8711687	200,0000000
662,6474640	1,8710431	189,0000000
662,6919260	1,8709176	166,0000000
662,7363880	1,8707921	151,0000000
662,7808500	1,8706666	173,0000000
662,8253120	1,8705411	170,0000000
662,8697740	1,8704156	162,0000000
662,9142360	1,8702902	162,0000000
662,9586980	1,8701647	167,0000000
663,0031600	1,8700393	155,0000000
663,0476220	1,8699139	166,0000000
663,0920840	1,8697885	152,0000000
663,1365460	1,8696632	151,0000000
663,1810080	1,8695378	156,0000000
663,2254700	1,8694125	154,0000000
663,2699320	1,8692872	157,0000000
663,3143940	1,8691619	163,0000000
663,3588560	1,8690366	145,0000000
663,4033180	1,8689113	151,0000000
663,4477800	1,8687861	148,0000000
663,4922420	1,8686608	142,0000000
663,5367040	1,8685356	148,0000000
663,5811660	1,8684104	141,0000000
663,6256280	1,8682852	142,0000000
663,6700900	1,8681601	157,0000000
663,7145520	1,8680349	154,0000000
663,7590140	1,8679098	147,0000000
663,8034760	1,8677847	158,0000000
663,8479380	1,8676596	158,0000000
663,8924000	1,8675345	147,0000000
663,9368620	1,8674094	165,0000000
663,9813240	1,8672844	155,0000000
664,0257860	1,8671594	153,0000000
664,0702480	1,8670344	152,0000000
664,1147100	1,8669094	152,0000000
664,1591720	1,8667844	145,0000000
664,2036340	1,8666594	152,0000000
664,2480960	1,8665345	156,0000000
664,2925580	1,8664095	147,0000000
664,3370200	1,8662846	164,0000000
664,3814820	1,8661597	148,0000000
664,4259440	1,8660349	151,0000000
664,4704060	1,8659100	152,0000000
664,5148680	1,8657851	155,0000000
664,5593300	1,8656603	137,0000000
664,6037920	1,8655355	141,0000000
664,6482540	1,8654107	148,0000000
664,6927160	1,8652859	149,0000000
664,7371780	1,8651612	156,0000000
664,7816400	1,8650364	150,0000000
664,8261020	1,8649117	152,0000000
664,8705640	1,8647870	165,0000000
664,9150260	1,8646623	181,0000000
664,9594880	1,8645376	154,0000000
665,0039500	1,8644129	148,0000000
665,0484120	1,8642883	148,0000000
665,0928740	1,8641637	139,0000000
665,1373360	1,8640391	146,0000000
665,1817980	1,8639145	156,0000000
665,2262600	1,8637899	148,0000000
665,2707220	1,8636653	148,0000000
665,3151840	1,8635408	148,0000000
665,3596460	1,8634162	155,0000000
665,4041080	1,8632917	142,0000000
665,4485700	1,8631672	148,0000000
665,4930320	1,8630428	135,0000000
665,5374940	1,8629183	137,0000000
665,5819560	1,8627938	138,0000000
665,6264180	1,8626694	149,0000000
665,6708800	1,8625450	148,0000000
665,7153420	1,8624206	145,0000000
665,7598040	1,8622962	144,0000000
665,8042660	1,8621719	142,0000000
665,8487280	1,8620475	141,0000000
665,8931900	1,8619232	146,0000000
665,9376520	1,8617989	146,0000000
665,9821140	1,8616746	143,0000000
666,0265760	1,8615503	133,0000000
666,0710380	1,8614260	144,0000000
666,1155000	1,8613018	148,0000000
666,1599620	1,8611776	138,0000000
666,2044240	1,8610533	136,0000000
666,2488860	1,8609291	137,0000000
666,2933480	1,8608050	152,0000000
666,3378100	1,8606808	141,0000000
666,3822720	1,8605567	152,0000000
666,4267340	1,8604325	154,0000000
666,4711960	1,8603084	148,0000000
666,5156580	1,8601843	157,0000000
666,5601200	1,8600602	151,0000000
666,6045820	1,8599362	147,0000000
666,6490440	1,8598121	140,0000000
666,6935060	1,8596881	145,0000000
666,7379680	1,8595641	149,0000000
666,7824300	1,8594401	144,0000000
666,8268920	1,8593161	151,0000000
666,8713540	1,8591921	144,0000000
666,9158160	1,8590682	143,0000000
666,9602780	1,8589442	142,0000000
667,0047400	1,8588203	154,0000000
667,0492020	1,8586964	152,0000000
667,0936640	1,8585725	147,0000000
667,1381260	1,8584487	158,0000000
667,1825880	1,8583248	156,0000000
667,2270500	1,8582010	146,0000000
667,2715120	1,8580772	155,0000000
667,3159740	1,8579534	152,0000000
667,3604360	1,8578296	148,0000000
667,4048980	1,8577058	141,0000000
667,4493600	1,8575821	147,0000000
667,4938220	1,8574583	147,0000000
667,5382840	1,8573346	137,0000000
667,5827460	1,8572109	151,0000000
667,6272080	1,8570872	146,0000000
667,6716700	1,8569636	152,0000000
667,7161320	1,8568399	150,0000000
667,7605940	1,8567163	140,0000000
667,8050560	1,8565927	144,0000000
667,8495180	1,8564691	141,0000000
667,8939800	1,8563455	140,0000000
667,9384420	1,8562219	137,0000000
667,9829040	1,8560984	147,0000000
668,0273660	1,8559748	155,0000000
668,0718280	1,8558513	147,0000000
668,1162900	1,8557278	144,0000000
668,1607520	1,8556043	147,0000000
668,2052140	1,8554808	149,0000000
668,2496760	1,8553574	139,0000000
668,2941380	1,8552339	147,0000000
668,3386000	1,8551105	144,0000000
668,3830620	1,8549871	151,0000000
668,4275240	1,8548637	143,0000000
668,4719860	1,8547404	138,0000000
668,5164480	1,8546170	143,0000000
668,5609100	1,8544937	141,0000000
668,6053720	1,8543703	155,0000000
668,6498340	1,8542470	146,0000000
668,6942960	1,8541237	145,0000000
668,7387580	1,8540005	157,0000000
668,7832200	1,8538772	154,0000000
668,8276820	1,8537540	145,0000000
668,8721440	1,8536307	156,0000000
668,9166060	1,8535075	154,0000000
668,9610680	1,8533843	146,0000000
669,0055300	1,8532612	133,0000000
669,0499920	1,8531380	148,0000000
669,0944540	1,8530149	143,0000000
669,1389160	1,8528917	146,0000000
669,1833780	1,8527686	141,0000000
669,2278400	1,8526455	154,0000000
669,2723020	1,8525225	140,0000000
669,3167640	1,8523994	146,0000000
669,3612260	1,8522764	150,0000000
669,4056880	1,8521533	139,0000000
669,4501500	1,8520303	139,0000000
669,4946120	1,8519073	136,0000000
669,5390740	1,8517843	150,0000000
669,5835360	1,8516614	144,0000000
669,6279980	1,8515384	150,0000000
669,6724600	1,8514155	139,0000000
669,7169220	1,8512926	145,0000000
669,7613840	1,8511697	148,0000000
669,8058460	1,8510468	150,0000000
669,8503080	1,8509239	148,0000000
669,8947700	1,8508011	156,0000000
669,9392320	1,8506783	148,0000000
669,9836940	1,8505554	150,0000000
670,0281560	1,8504326	137,0000000
670,0726180	1,8503099	145,0000000
670,1170800	1,8501871	132,0000000
670,1615420	1,8500643	148,0000000
670,2060040	1,8499416	146,0000000
670,2504660	1,8498189	154,0000000
670,2949280	1,8496962	138,0000000
670,3393900	1,8495735	148,0000000
670,3838520	1,8494508	144,0000000
670,4283140	1,8493282	152,0000000
670,4727760	1,8492055	161,0000000
670,5172380	1,8490829	149,0000000
670,5617000	1,8489603	146,0000000
670,6061620	1,8488377	138,0000000
670,6506240	1,8487152	140,0000000
670,6950860	1,8485926	132,0000000
670,7395480	1,8484701	151,0000000
670,7840100	1,8483475	148,0000000
670,8284720	1,8482250	146,0000000
670,8729340	1,8481025	150,0000000
670,9173960	1,8479801	143,0000000
670,9618580	1,8478576	157,0000000
671,0063200	1,8477352	154,0000000
671,0507820	1,8476127	148,0000000
671,0952440	1,8474903	145,0000000
671,1397060	1,8473679	144,0000000
671,1841680	1,8472456	150,0000000
671,2286300	1,8471232	141,0000000
671,2730920	1,8470008	144,0000000
671,3175540	1,8468785	142,0000000
671,3620160	1,8467562	150,0000000
671,4064780	1,8466339	141,0000000
671,4509400	1,8465116	149,0000000
671,4954020	1,8463894	143,0000000
671,5398640	1,8462671	135,0000000
671,5843260	1,8461449	154,0000000
671,6287880	1,8460227	146,0000000
671,6732500	1,8459005	155,0000000
671,7177120	1,8457783	144,0000000
671,7621740	1,8456561	151,0000000
671,8066360	1,8455340	159,0000000
671,8510980	1,8454118	159,0000000
671,8955600	1,8452897	150,0000000
671,9400220	1,8451676	170,0000000
671,9844840	1,8450455	142,0000000
672,0289460	1,8449235	148,0000000
672,0734080	1,8448014	146,0000000
672,1178700	1,8446794	149,0000000
672,1623320	1,8445574	151,0000000
672,2067940	1,8444353	147,0000000
672,2512560	1,8443134	142,0000000
672,2957180	1,8441914	141,0000000
672,3401800	1,8440694	149,0000000
672,3846420	1,8439475	144,0000000
672,4291040	1,8438256	146,0000000
672,4735660	1,8437037	148,0000000
672,5180280	1,8435818	143,0000000
672,5624900	1,8434599	153,0000000
672,6069520	1,8433380	159,0000000
672,6514140	1,8432162	147,0000000
672,6958760	1,8430944	150,0000000
672,7403380	1,8429725	151,0000000
672,7848000	1,8428507	148,0000000
672,8292620	1,8427290	153,0000000
672,8737240	1,8426072	156,0000000
672,9181860	1,8424855	156,0000000
672,9626480	1,8423637	157,0000000
673,0071100	1,8422420	154,0000000
673,0515720	1,8421203	150,0000000
673,0960340	1,8419986	144,0000000
673,1404960	1,8418770	154,0000000
673,1849580	1,8417553	144,0000000
673,2294200	1,8416337	149,0000000
673,2738820	1,8415121	154,0000000
673,3183440	1,8413905	151,0000000
673,3628060	1,8412689	156,0000000
673,4072680	1,8411473	155,0000000
673,4517300	1,8410257	152,0000000
673,4961920	1,8409042	145,0000000
673,5406540	1,8407827	155,0000000
673,5851160	1,8406612	143,0000000
673,6295780	1,8405397	152,0000000
673,6740400	1,8404182	157,0000000
673,7185020	1,8402968	159,0000000
673,7629640	1,8401753	167,0000000
673,8074260	1,8400539	157,0000000
673,8518880	1,8399325	158,0000000
673,8963500	1,8398111	164,0000000
673,9408120	1,8396897	145,0000000
673,9852740	1,8395683	159,0000000
674,0297360	1,8394470	154,0000000
674,0741980	1,8393257	156,0000000
674,1186600	1,8392043	160,0000000
674,1631220	1,8390830	157,0000000
674,2075840	1,8389618	156,0000000
674,2520460	1,8388405	158,0000000
674,2965080	1,8387193	165,0000000
674,3409700	1,8385980	159,0000000
674,3854320	1,8384768	166,0000000
674,4298940	1,8383556	163,0000000
674,4743560	1,8382344	169,0000000
674,5188180	1,8381132	166,0000000
674,5632800	1,8379921	158,0000000
674,6077420	1,8378709	146,0000000
674,6522040	1,8377498	169,0000000
674,6966660	1,8376287	171,0000000
674,7411280	1,8375076	173,0000000
674,7855900	1,8373866	161,0000000
674,8300520	1,8372655	161,0000000
674,8745140	1,8371445	176,0000000
674,9189760	1,8370234	161,0000000
674,9634380	1,8369024	168,0000000
675,0079000	1,8367814	158,0000000
675,0523620	1,8366604	159,0000000
675,0968240	1,8365395	174,0000000
675,1412860	1,8364185	161,0000000
675,1857480	1,8362976	152,0000000
675,2302100	1,8361767	163,0000000
675,2746720	1,8360558	171,0000000
675,3191340	1,8359349	171,0000000
675,3635960	1,8358140	167,0000000
675,4080580	1,8356932	179,0000000
675,4525200	1,8355724	177,0000000
675,4969820	1,8354515	157,0000000
675,5414440	1,8353307	152,0000000
675,5859060	1,8352099	175,0000000
675,6303680	1,8350892	175,0000000
675,6748300	1,8349684	162,0000000
675,7192920	1,8348477	180,0000000
675,7637540	1,8347269	162,0000000
675,8082160	1,8346062	154,0000000
675,8526780	1,8344855	164,0000000
675,8971400	1,8343649	167,0000000
675,9416020	1,8342442	168,0000000
675,9860640	1,8341236	167,0000000
676,0305260	1,8340029	172,0000000
676,0749880	1,8338823	174,0000000
676,1194500	1,8337617	164,0000000
676,1639120	1,8336411	177,0000000
676,2083740	1,8335206	176,0000000
676,2528360	1,8334000	174,0000000
676,2972980	1,8332795	164,0000000
676,3417600	1,8331590	166,0000000
676,3862220	1,8330385	160,0000000
676,4306840	1,8329180	157,0000000
676,4751460	1,8327975	159,0000000
676,5196080	1,8326771	159,0000000
676,5640700	1,8325566	164,0000000
676,6085320	1,8324362	167,0000000
676,6529940	1,8323158	170,0000000
676,6974560	1,8321954	169,0000000
676,7419180	1,8320750	167,0000000
676,7863800	1,8319547	173,0000000
676,8308420	1,8318343	159,0000000
676,8753040	1,8317140	165,0000000
676,9197660	1,8315937	177,0000000
676,9642280	1,8314734	170,0000000
677,0086900	1,8313531	168,0000000
677,0531520	1,8312328	162,0000000
677,0976140	1,8311126	164,0000000
677,1420760	1,8309924	158,0000000
677,1865380	1,8308721	169,0000000
677,2310000	1,8307519	169,0000000
677,2754620	1,8306318	147,0000000
677,3199240	1,8305116	160,0000000
677,3643860	1,8303914	153,0000000
677,4088480	1,8302713	162,0000000
677,4533100	1,8301512	167,0000000
677,4977720	1,8300311	160,0000000
677,5422340	1,8299110	168,0000000
677,5866960	1,8297909	160,0000000
677,6311580	1,8296708	156,0000000
677,6756200	1,8295508	158,0000000
677,7200820	1,8294308	165,0000000
677,7645440	1,8293108	171,0000000
677,8090060	1,8291908	159,0000000
677,8534680	1,8290708	171,0000000
677,8979300	1,8289508	154,0000000
677,9423920	1,8288309	173,0000000
677,9868540	1,8287109	177,0000000
678,0313160	1,8285910	163,0000000
678,0757780	1,8284711	157,0000000
678,1202400	1,8283512	162,0000000
678,1647020	1,8282314	166,0000000
678,2091640	1,8281115	157,0000000
678,2536260	1,8279917	149,0000000
678,2980880	1,8278718	153,0000000
678,3425500	1,8277520	155,0000000
678,3870120	1,8276322	157,0000000
678,4314740	1,8275125	163,0000000
678,4759360	1,8273927	164,0000000
678,5203980	1,8272730	168,0000000
678,5648600	1,8271532	157,0000000
678,6093220	1,8270335	172,0000000
678,6537840	1,8269138	173,0000000
678,6982460	1,8267941	168,0000000
678,7427080	1,8266745	161,0000000
678,7871700	1,8265548	160,0000000
678,8316320	1,8264352	157,0000000
678,8760940	1,8263156	168,0000000
678,9205560	1,8261960	172,0000000
678,9650180	1,8260764	169,0000000
679,0094800	1,8259568	168,0000000
679,0539420	1,8258372	170,0000000
679,0984040	1,8257177	179,0000000
679,1428660	1,8255982	177,0000000
679,1873280	1,8254787	153,0000000
679,2317900	1,8253592	178,0000000
679,2762520	1,8252397	179,0000000
679,3207140	1,8251202	174,0000000
679,3651760	1,8250008	174,0000000
679,4096380	1,8248813	176,0000000
679,4541000	1,8247619	188,0000000
679,4985620	1,8246425	188,0000000
679,5430240	1,8245231	185,0000000
679,5874860	1,8244038	196,0000000
679,6319480	1,8242844	167,0000000
679,6764100	1,8241651	187,0000000
679,7208720	1,8240458	203,0000000
679,7653340	1,8239264	208,0000000
679,8097960	1,8238072	199,0000000
679,8542580	1,8236879	206,0000000
679,8987200	1,8235686	206,0000000
679,9431820	1,8234494	203,0000000
679,9876440	1,8233301	195,0000000
680,0321060	1,8232109	218,0000000
680,0765680	1,8230917	218,0000000
680,1210300	1,8229726	231,0000000
680,1654920	1,8228534	202,0000000
680,2099540	1,8227342	253,0000000
680,2544160	1,8226151	259,0000000
680,2988780	1,8224960	238,0000000
680,3433400	1,8223769	269,0000000
680,3878020	1,8222578	253,0000000
680,4322640	1,8221387	263,0000000
680,4767260	1,8220197	228,0000000
680,5211880	1,8219006	272,0000000
680,5656500	1,8217816	255,0000000
680,6101120	1,8216626	288,0000000
680,6545740	1,8215436	282,0000000
680,6990360	1,8214246	286,0000000
680,7434980	1,8213056	305,0000000
680,7879600	1,8211867	303,0000000
680,8324220	1,8210678	304,0000000
680,8768840	1,8209488	300,0000000
680,9213460	1,8208299	334,0000000
680,9658080	1,8207110	339,0000000
681,0102700	1,8205922	337,0000000
681,0547320	1,8204733	359,0000000
681,0991940	1,8203545	352,0000000
681,1436560	1,8202357	358,0000000
681,1881180	1,8201168	353,0000000
681,2325800	1,8199981	382,0000000
681,2770420	1,8198793	415,0000000
681,3215040	1,8197605	448,0000000
681,3659660	1,8196418	425,0000000
681,4104280	1,8195230	405,0000000
681,4548900	1,8194043	451,0000000
681,4993520	1,8192856	449,0000000
681,5438140	1,8191669	467,0000000
681,5882760	1,8190483	514,0000000
681,6327380	1,8189296	494,0000000
681,6772000	1,8188110	516,0000000
681,7216620	1,8186923	538,0000000
681,7661240	1,8185737	552,0000000
681,8105860	1,8184551	549,0000000
681,8550480	1,8183366	548,0000000
681,8995100	1,8182180	558,0000000
681,9439720	1,8180995	591,0000000
681,9884340	1,8179809	650,0000000
682,0328960	1,8178624	628,0000000
682,0773580	1,8177439	623,0000000
682,1218200	1,8176254	655,0000000
682,1662820	1,8175070	652,0000000
682,2107440	1,8173885	696,0000000
682,2552060	1,8172701	675,0000000
682,2996680	1,8171517	651,0000000
682,3441300	1,8170332	734,0000000
682,3885920	1,8169149	746,0000000
682,4330540	1,8167965	741,0000000
682,4775160	1,8166781	765,0000000
682,5219780	1,8165598	784,0000000
682,5664400	1,8164414	799,0000000
682,6109020	1,8163231	757,0000000
682,6553640	1,8162048	827,0000000
682,6998260	1,8160865	792,0000000
682,7442880	1,8159683	808,0000000
682,7887500	1,8158500	840,0000000
682,8332120	1,8157318	820,0000000
682,8776740	1,8156136	828,0000000
682,9221360	1,8154954	842,0000000
682,9665980	1,8153772	922,0000000
683,0110600	1,8152590	879,0000000
683,0555220	1,8151408	907,0000000
683,0999840	1,8150227	885,0000000
683,1444460	1,8149046	940,0000000
683,1889080	1,8147864	906,0000000
683,2333700	1,8146683	879,0000000
683,2778320	1,8145503	881,0000000
683,3222940	1,8144322	973,0000000
683,3667560	1,8143141	896,0000000
683,4112180	1,8141961	969,0000000
683,4556800	1,8140781	938,0000000
683,5001420	1,8139601	933,0000000
683,5446040	1,8138421	999,0000000
683,5890660	1,8137241	967,0000000
683,6335280	1,8136061	997,0000000
683,6779900	1,8134882	926,0000000
683,7224520	1,8133703	940,0000000
683,7669140	1,8132524	970,0000000
683,8113760	1,8131345	940,0000000
683,8558380	1,8130166	897,0000000
683,9003000	1,8128987	940,0000000
683,9447620	1,8127809	937,0000000
683,9892240	1,8126630	909,0000000
684,0336860	1,8125452	934,0000000
684,0781480	1,8124274	965,0000000
684,1226100	1,8123096	928,0000000
684,1670720	1,8121918	862,0000000
684,2115340	1,8120741	909,0000000
684,2559960	1,8119563	938,0000000
684,3004580	1,8118386	914,0000000
684,3449200	1,8117209	884,0000000
684,3893820	1,8116032	900,0000000
684,4338440	1,8114855	902,0000000
684,4783060	1,8113678	793,0000000
684,5227680	1,8112502	869,0000000
684,5672300	1,8111325	852,0000000
684,6116920	1,8110149	823,0000000
684,6561540	1,8108973	803,0000000
684,7006160	1,8107797	813,0000000
684,4000000	1,8928885	830,0000000
