650,2104600	1,9068318	5867,0000000
650,2549220	1,9067014	5935,0000000
650,2993840	1,9065710	6473,0000000
650,3438460	1,9064407	7305,0000000
650,3883080	1,9063104	7848,0000000
650,4327700	1,9061800	7820,0000000
650,4772320	1,9060498	8088,0000000
650,5216940	1,9059195	8153,0000000
650,5661560	1,9057892	8698,0000000
650,6106180	1,9056590	9317,0000000
650,6550800	1,9055288	9845,0000000
650,6995420	1,9053986	10445,0000000
650,7440040	1,9052684	10754,0000000
650,7884660	1,9051382	10973,0000000
650,8329280	1,9050081	11501,0000000
650,8773900	1,9048779	12177,0000000
650,9218520	1,9047478	13392,0000000
650,9663140	1,9046177	14370,0000000
651,0107760	1,9044876	14515,0000000
651,0552380	1,9043576	14601,0000000
651,0997000	1,9042275	14568,0000000
651,1441620	1,9040975	15188,0000000
651,1886240	1,9039675	16040,0000000
651,2330860	1,9038375	16680,0000000
651,2775480	1,9037075	17600,0000000
651,3220100	1,9035776	20268,0000000
651,3664720	1,9034476	20712,0000000
651,4109340	1,9033177	20536,0000000
651,4553960	1,9031878	20611,0000000
651,4998580	1,9030579	21215,0000000
651,5443200	1,9029281	21874,0000000
651,5887820	1,9027982	22332,0000000
651,6332440	1,9026684	22527,0000000
651,6777060	1,9025386	23493,0000000
651,7221680	1,9024088	25483,0000000
651,7666300	1,9022790	26009,0000000
651,8110920	1,9021492	26247,0000000
651,8555540	1,9020195	28380,0000000
651,9000160	1,9018898	28707,0000000
651,9444780	1,9017601	27971,0000000
651,9889400	1,9016304	28442,0000000
652,0334020	1,9015007	30304,0000000
652,0778640	1,9013710	31504,0000000
652,1223260	1,9012414	32174,0000000
652,1667880	1,9011118	31882,0000000
652,2112500	1,9009822	31634,0000000
652,2557120	1,9008526	31402,0000000
652,3001740	1,9007230	32677,0000000
652,3446360	1,9005935	34753,0000000
652,3890980	1,9004640	36269,0000000
652,4335600	1,9003344	36679,0000000
652,4780220	1,9002050	38920,0000000
652,5224840	1,9000755	38496,0000000
652,5669460	1,8999460	35625,0000000
652,6114080	1,8998166	35272,0000000
652,6558700	1,8996872	37435,0000000
652,7003320	1,8995577	38602,0000000
652,7447940	1,8994284	38631,0000000
652,7892560	1,8992990	40797,0000000
652,8337180	1,8991696	40847,0000000
652,8781800	1,8990403	41273,0000000
652,9226420	1,8989110	41498,0000000
652,9671040	1,8987817	43313,0000000
653,0115660	1,8986524	44087,0000000
653,0560280	1,8985231	42993,0000000
653,1004900	1,8983939	41241,0000000
653,1449520	1,8982646	42269,0000000
653,1894140	1,8981354	40565,0000000
653,2338760	1,8980062	42216,0000000
653,2783380	1,8978771	46867,0000000
653,3228000	1,8977479	43170,0000000
653,3672620	1,8976188	41447,0000000
653,4117240	1,8974896	41045,0000000
653,4561860	1,8973605	44026,0000000
653,5006480	1,8972314	46880,0000000
653,5451100	1,8971024	45181,0000000
653,5895720	1,8969733	42173,0000000
653,6340340	1,8968443	41861,0000000
653,6784960	1,8967152	40331,0000000
653,7229580	1,8965862	40496,0000000
653,7674200	1,8964573	39930,0000000
653,8118820	1,8963283	37510,0000000
653,8563440	1,8961993	36382,0000000
653,9008060	1,8960704	40175,0000000
653,9452680	1,8959415	42989,0000000
653,9897300	1,8958126	42138,0000000
654,0341920	1,8956837	42315,0000000
654,0786540	1,8955549	38164,0000000
654,1231160	1,8954260	36367,0000000
654,1675780	1,8952972	37130,0000000
654,2120400	1,8951684	36091,0000000
654,2565020	1,8950396	34020,0000000
654,3009640	1,8949108	31500,0000000
654,3454260	1,8947821	33310,0000000
654,3898880	1,8946533	30114,0000000
654,4343500	1,8945246	30280,0000000
654,4788120	1,8943959	33441,0000000
654,5232740	1,8942672	33889,0000000
654,5677360	1,8941385	32499,0000000
654,6121980	1,8940099	30304,0000000
654,6566600	1,8938812	29279,0000000
654,7011220	1,8937526	28649,0000000
654,7455840	1,8936240	24940,0000000
654,7900460	1,8934954	23394,0000000
654,8345080	1,8933669	24204,0000000
654,8789700	1,8932383	26395,0000000
654,9234320	1,8931098	22120,0000000
654,9678940	1,8929813	20754,0000000
655,0123560	1,8928528	20660,0000000
655,0568180	1,8927243	21334,0000000
655,1012800	1,8925959	22436,0000000
655,1457420	1,8924674	22144,0000000
655,1902040	1,8923390	20983,0000000
655,2346660	1,8922106	19546,0000000
655,2791280	1,8920822	19974,0000000
655,3235900	1,8919538	19092,0000000
655,3680520	1,8918255	19054,0000000
655,4125140	1,8916971	15886,0000000
655,4569760	1,8915688	14610,0000000
655,5014380	1,8914405	14334,0000000
655,5459000	1,8913122	12811,0000000
655,5903620	1,8911839	15044,0000000
655,6348240	1,8910557	15343,0000000
655,6792860	1,8909275	13220,0000000
655,7237480	1,8907992	14833,0000000
655,7682100	1,8906710	15139,0000000
655,8126720	1,8905429	12360,0000000
655,8571340	1,8904147	11844,0000000
655,9015960	1,8902866	12149,0000000
655,9460580	1,8901584	10333,0000000
655,9905200	1,8900303	10044,0000000
656,0349820	1,8899022	10637,0000000
656,0794440	1,8897741	10505,0000000
656,1239060	1,8896461	10880,0000000
656,1683680	1,8895180	11499,0000000
656,2128300	1,8893900	10710,0000000
656,2572920	1,8892620	7763,0000000
656,3017540	1,8891340	6621,0000000
656,3462160	1,8890060	7807,0000000
656,3906780	1,8888781	8720,0000000
656,4351400	1,8887502	6719,0000000
656,4796020	1,8886222	6010,0000000
656,5240640	1,8884943	4809,0000000
656,5685260	1,8883664	4213,0000000
656,6129880	1,8882386	4411,0000000
656,6574500	1,8881107	5375,0000000
656,7019120	1,8879829	5397,0000000
656,7463740	1,8878551	3934,0000000
656,7908360	1,8877273	3458,0000000
656,8352980	1,8875995	3884,0000000
656,8797600	1,8874717	4104,0000000
656,9242220	1,8873440	3187,0000000
656,9686840	1,8872162	2617,0000000
657,0131460	1,8870885	3042,0000000
657,0576080	1,8869608	3069,0000000
657,1020700	1,8868332	2730,0000000
657,1465320	1,8867055	2761,0000000
657,1909940	1,8865778	2736,0000000
657,2354560	1,8864502	2443,0000000
657,2799180	1,8863226	3021,0000000
657,3243800	1,8861950	3196,0000000
657,3688420	1,8860674	3640,0000000
657,4133040	1,8859399	5337,0000000
657,4577660	1,8858123	3145,0000000
657,5022280	1,8856848	2212,0000000
657,5466900	1,8855573	2062,0000000
657,5911520	1,8854298	1817,0000000
657,6356140	1,8853024	2599,0000000
657,6800760	1,8851749	4721,0000000
657,7245380	1,8850475	3092,0000000
657,7690000	1,8849200	1672,0000000
657,8134620	1,8847926	1417,0000000
657,8579240	1,8846653	1218,0000000
657,9023860	1,8845379	1231,0000000
657,9468480	1,8844105	1187,0000000
657,9913100	1,8842832	1485,0000000
658,0357720	1,8841559	2066,0000000
658,0802340	1,8840286	1464,0000000
658,1246960	1,8839013	1128,0000000
658,1691580	1,8837740	960,0000000
658,2136200	1,8836468	862,0000000
658,2580820	1,8835196	806,0000000
658,3025440	1,8833923	800,0000000
658,3470060	1,8832651	1004,0000000
658,3914680	1,8831380	1243,0000000
658,4359300	1,8830108	848,0000000
658,4803920	1,8828837	1111,0000000
658,5248540	1,8827565	2340,0000000
658,5693160	1,8826294	1902,0000000
658,6137780	1,8825023	1775,0000000
658,6582400	1,8823753	1642,0000000
658,7027020	1,8822482	2251,0000000
658,7471640	1,8821212	1273,0000000
658,7916260	1,8819941	794,0000000
658,8360880	1,8818671	690,0000000
658,8805500	1,8817401	624,0000000
658,9250120	1,8816132	594,0000000
658,9694740	1,8814862	516,0000000
659,0139360	1,8813593	542,0000000
659,0583980	1,8812323	528,0000000
659,1028600	1,8811054	553,0000000
659,1473220	1,8809785	852,0000000
659,1917840	1,8808517	694,0000000
659,2362460	1,8807248	666,0000000
659,2807080	1,8805980	972,0000000
659,3251700	1,8804712	721,0000000
659,3696320	1,8803444	666,0000000
659,4140940	1,8802176	544,0000000
659,4585560	1,8800908	450,0000000
659,5030180	1,8799641	447,0000000
659,5474800	1,8798373	493,0000000
659,5919420	1,8797106	705,0000000
659,6364040	1,8795839	733,0000000
659,6808660	1,8794572	518,0000000
659,7253280	1,8793306	471,0000000
659,7697900	1,8792039	425,0000000
659,8142520	1,8790773	418,0000000
659,8587140	1,8789507	371,0000000
659,9031760	1,8788241	326,0000000
659,9476380	1,8786975	320,0000000
659,9921000	1,8785709	295,0000000
660,0365620	1,8784444	297,0000000
660,0810240	1,8783179	277,0000000
660,1254860	1,8781913	282,0000000
660,1699480	1,8780648	309,0000000
660,2144100	1,8779384	331,0000000
660,2588720	1,8778119	374,0000000
660,3033340	1,8776855	449,0000000
660,3477960	1,8775590	430,0000000
660,3922580	1,8774326	347,0000000
660,4367200	1,8773062	296,0000000
660,4811820	1,8771799	258,0000000
660,5256440	1,8770535	255,0000000
660,5701060	1,8769272	235,0000000
660,6145680	1,8768008	231,0000000
660,6590300	1,8766745	248,0000000
660,7034920	1,8765482	238,0000000
660,7479540	1,8764220	227,0000000
660,7924160	1,8762957	231,0000000
660,8368780	1,8761695	228,0000000
660,8813400	1,8760432	224,0000000
660,9258020	1,8759170	204,0000000
660,9702640	1,8757908	200,0000000
661,0147260	1,8756647	207,0000000
661,0591880	1,8755385	227,0000000
661,1036500	1,8754124	243,0000000
661,1481120	1,8752863	214,0000000
661,1925740	1,8751602	219,0000000
661,2370360	1,8750341	214,0000000
661,2814980	1,8749080	189,0000000
661,3259600	1,8747819	209,0000000
661,3704220	1,8746559	210,0000000
661,4148840	1,8745299	215,0000000
661,4593460	1,8744039	196,0000000
661,5038080	1,8742779	204,0000000
661,5482700	1,8741519	208,0000000
661,5927320	1,8740260	184,0000000
661,6371940	1,8739000	192,0000000
661,6816560	1,8737741	208,0000000
661,7261180	1,8736482	184,0000000
661,7705800	1,8735223	205,0000000
661,8150420	1,8733965	208,0000000
661,8595040	1,8732706	200,0000000
661,9039660	1,8731448	175,0000000
661,9484280	1,8730190	186,0000000
661,9928900	1,8728932	188,0000000
662,0373520	1,8727674	198,0000000
662,0818140	1,8726416	186,0000000
662,1262760	1,8725159	205,0000000
662,1707380	1,8723902	198,0000000
662,2152000	1,8722644	196,0000000
662,2596620	1,8721387	205,0000000
662,3041240	1,8720131	185,0000000
662,3485860	1,8718874	200,0000000
662,3930480	1,8717617	205,0000000
662,4375100	1,8716361	188,0000000
662,4819720	1,8715105	187,0000000
662,5264340	1,8713849	187,0000000
662,5708960	1,8712593	193,0000000
662,6153580	1,8711338	182,0000000
662,6598200	1,8710082	198,0000000
662,7042820	1,8708827	180,0000000
662,7487440	1,8707572	186,0000000
662,7932060	1,8706317	176,0000000
662,8376680	1,8705062	189,0000000
662,8821300	1,8703807	196,0000000
662,9265920	1,8702553	186,0000000
662,9710540	1,8701299	188,0000000
663,0155160	1,8700045	188,0000000
663,0599780	1,8698791	194,0000000
663,1044400	1,8697537	186,0000000
663,1489020	1,8696283	189,0000000
663,1933640	1,8695030	185,0000000
663,2378260	1,8693777	171,0000000
663,2822880	1,8692523	181,0000000
663,3267500	1,8691270	199,0000000
663,3712120	1,8690018	163,0000000
663,4156740	1,8688765	185,0000000
663,4601360	1,8687513	180,0000000
663,5045980	1,8686260	203,0000000
663,5490600	1,8685008	183,0000000
663,5935220	1,8683756	194,0000000
663,6379840	1,8682505	180,0000000
663,6824460	1,8681253	181,0000000
663,7269080	1,8680002	196,0000000
663,7713700	1,8678750	198,0000000
663,8158320	1,8677499	186,0000000
663,8602940	1,8676248	207,0000000
663,9047560	1,8674998	200,0000000
663,9492180	1,8673747	196,0000000
663,9936800	1,8672497	197,0000000
664,0381420	1,8671246	188,0000000
664,0826040	1,8669996	195,0000000
664,1270660	1,8668746	182,0000000
664,1715280	1,8667497	202,0000000
664,2159900	1,8666247	194,0000000
664,2604520	1,8664998	190,0000000
664,3049140	1,8663748	195,0000000
664,3493760	1,8662499	200,0000000
664,3938380	1,8661250	202,0000000
664,4383000	1,8660002	185,0000000
664,4827620	1,8658753	199,0000000
664,5272240	1,8657505	191,0000000
664,5716860	1,8656256	189,0000000
664,6161480	1,8655008	182,0000000
664,6606100	1,8653760	185,0000000
664,7050720	1,8652513	194,0000000
664,7495340	1,8651265	250,0000000
664,7939960	1,8650018	259,0000000
664,8384580	1,8648770	333,0000000
664,8829200	1,8647523	457,0000000
664,9273820	1,8646276	271,0000000
664,9718440	1,8645030	204,0000000
665,0163060	1,8643783	195,0000000
665,0607680	1,8642537	207,0000000
665,1052300	1,8641290	194,0000000
665,1496920	1,8640044	216,0000000
665,1941540	1,8638798	192,0000000
665,2386160	1,8637553	195,0000000
665,2830780	1,8636307	196,0000000
665,3275400	1,8635062	189,0000000
665,3720020	1,8633816	197,0000000
665,4164640	1,8632571	191,0000000
665,4609260	1,8631326	207,0000000
665,5053880	1,8630082	192,0000000
665,5498500	1,8628837	208,0000000
665,5943120	1,8627593	187,0000000
665,6387740	1,8626348	186,0000000
665,6832360	1,8625104	194,0000000
665,7276980	1,8623860	204,0000000
665,7721600	1,8622617	193,0000000
665,8166220	1,8621373	191,0000000
665,8610840	1,8620130	196,0000000
665,9055460	1,8618886	203,0000000
665,9500080	1,8617643	203,0000000
665,9944700	1,8616400	192,0000000
666,0389320	1,8615158	201,0000000
666,0833940	1,8613915	199,0000000
666,1278560	1,8612673	197,0000000
666,1723180	1,8611430	196,0000000
666,2167800	1,8610188	188,0000000
666,2612420	1,8608946	192,0000000
666,3057040	1,8607705	177,0000000
666,3501660	1,8606463	191,0000000
666,3946280	1,8605222	207,0000000
666,4390900	1,8603980	183,0000000
666,4835520	1,8602739	188,0000000
666,5280140	1,8601498	197,0000000
666,5724760	1,8600258	194,0000000
666,6169380	1,8599017	202,0000000
666,6614000	1,8597776	183,0000000
666,7058620	1,8596536	199,0000000
666,7503240	1,8595296	190,0000000
666,7947860	1,8594056	183,0000000
666,8392480	1,8592816	193,0000000
666,8837100	1,8591577	179,0000000
666,9281720	1,8590337	186,0000000
666,9726340	1,8589098	179,0000000
667,0170960	1,8587859	184,0000000
667,0615580	1,8586620	192,0000000
667,1060200	1,8585381	201,0000000
667,1504820	1,8584143	194,0000000
667,1949440	1,8582904	199,0000000
667,2394060	1,8581666	179,0000000
667,2838680	1,8580428	199,0000000
667,3283300	1,8579190	192,0000000
667,3727920	1,8577952	191,0000000
667,4172540	1,8576714	177,0000000
667,4617160	1,8575477	179,0000000
667,5061780	1,8574240	184,0000000
667,5506400	1,8573002	218,0000000
667,5951020	1,8571766	199,0000000
667,6395640	1,8570529	196,0000000
667,6840260	1,8569292	205,0000000
667,7284880	1,8568056	192,0000000
667,7729500	1,8566819	180,0000000
667,8174120	1,8565583	191,0000000
667,8618740	1,8564347	200,0000000
667,9063360	1,8563111	165,0000000
667,9507980	1,8561876	171,0000000
667,9952600	1,8560640	186,0000000
668,0397220	1,8559405	180,0000000
668,0841840	1,8558170	188,0000000
668,1286460	1,8556935	186,0000000
668,1731080	1,8555700	190,0000000
668,2175700	1,8554465	171,0000000
668,2620320	1,8553231	181,0000000
668,3064940	1,8551996	174,0000000
668,3509560	1,8550762	174,0000000
668,3954180	1,8549528	184,0000000
668,4398800	1,8548294	189,0000000
668,4843420	1,8547061	188,0000000
668,5288040	1,8545827	194,0000000
668,5732660	1,8544594	177,0000000
668,6177280	1,8543361	183,0000000
668,6621900	1,8542128	188,0000000
668,7066520	1,8540895	185,0000000
668,7511140	1,8539662	190,0000000
668,7955760	1,8538430	175,0000000
668,8400380	1,8537197	185,0000000
668,8845000	1,8535965	166,0000000
668,9289620	1,8534733	181,0000000
668,9734240	1,8533501	169,0000000
669,0178860	1,8532269	173,0000000
669,0623480	1,8531038	168,0000000
669,1068100	1,8529806	171,0000000
669,1512720	1,8528575	168,0000000
669,1957340	1,8527344	173,0000000
669,2401960	1,8526113	164,0000000
669,2846580	1,8524883	172,0000000
669,3291200	1,8523652	157,0000000
669,3735820	1,8522422	163,0000000
669,4180440	1,8521191	170,0000000
669,4625060	1,8519961	164,0000000
669,5069680	1,8518731	166,0000000
669,5514300	1,8517502	187,0000000
669,5958920	1,8516272	175,0000000
669,6403540	1,8515043	166,0000000
669,6848160	1,8513813	186,0000000
669,7292780	1,8512584	171,0000000
669,7737400	1,8511355	171,0000000
669,8182020	1,8510127	177,0000000
669,8626640	1,8508898	189,0000000
669,9071260	1,8507670	177,0000000
669,9515880	1,8506441	163,0000000
669,9960500	1,8505213	154,0000000
670,0405120	1,8503985	157,0000000
670,0849740	1,8502757	159,0000000
670,1294360	1,8501530	176,0000000
670,1738980	1,8500302	171,0000000
670,2183600	1,8499075	161,0000000
670,2628220	1,8497848	181,0000000
670,3072840	1,8496621	175,0000000
670,3517460	1,8495394	160,0000000
670,3962080	1,8494167	170,0000000
670,4406700	1,8492941	183,0000000
670,4851320	1,8491715	165,0000000
670,5295940	1,8490488	167,0000000
670,5740560	1,8489262	170,0000000
670,6185180	1,8488037	174,0000000
670,6629800	1,8486811	179,0000000
670,7074420	1,8485585	158,0000000
670,7519040	1,8484360	173,0000000
670,7963660	1,8483135	154,0000000
670,8408280	1,8481910	172,0000000
670,8852900	1,8480685	175,0000000
670,9297520	1,8479460	168,0000000
670,9742140	1,8478236	156,0000000
671,0186760	1,8477011	176,0000000
671,0631380	1,8475787	167,0000000
671,1076000	1,8474563	165,0000000
671,1520620	1,8473339	172,0000000
671,1965240	1,8472115	154,0000000
671,2409860	1,8470892	169,0000000
671,2854480	1,8469669	170,0000000
671,3299100	1,8468445	192,0000000
671,3743720	1,8467222	183,0000000
671,4188340	1,8465999	169,0000000
671,4632960	1,8464777	162,0000000
671,5077580	1,8463554	170,0000000
671,5522200	1,8462331	174,0000000
671,5966820	1,8461109	158,0000000
671,6411440	1,8459887	153,0000000
671,6856060	1,8458665	160,0000000
671,7300680	1,8457443	167,0000000
671,7745300	1,8456222	159,0000000
671,8189920	1,8455000	160,0000000
671,8634540	1,8453779	172,0000000
671,9079160	1,8452558	167,0000000
671,9523780	1,8451337	170,0000000
671,9968400	1,8450116	174,0000000
672,0413020	1,8448895	167,0000000
672,0857640	1,8447675	168,0000000
672,1302260	1,8446455	162,0000000
672,1746880	1,8445234	186,0000000
672,2191500	1,8444014	171,0000000
672,2636120	1,8442795	168,0000000
672,3080740	1,8441575	170,0000000
672,3525360	1,8440355	180,0000000
672,3969980	1,8439136	169,0000000
672,4414600	1,8437917	171,0000000
672,4859220	1,8436698	175,0000000
672,5303840	1,8435479	164,0000000
672,5748460	1,8434260	182,0000000
672,6193080	1,8433042	162,0000000
672,6637700	1,8431823	167,0000000
672,7082320	1,8430605	173,0000000
672,7526940	1,8429387	188,0000000
672,7971560	1,8428169	177,0000000
672,8416180	1,8426951	162,0000000
672,8860800	1,8425734	175,0000000
672,9305420	1,8424516	179,0000000
672,9750040	1,8423299	174,0000000
673,0194660	1,8422082	193,0000000
673,0639280	1,8420865	184,0000000
673,1083900	1,8419648	180,0000000
673,1528520	1,8418432	164,0000000
673,1973140	1,8417215	183,0000000
673,2417760	1,8415999	184,0000000
673,2862380	1,8414783	175,0000000
673,3307000	1,8413567	176,0000000
673,3751620	1,8412351	181,0000000
673,4196240	1,8411135	178,0000000
673,4640860	1,8409920	187,0000000
673,5085480	1,8408704	185,0000000
673,5530100	1,8407489	193,0000000
673,5974720	1,8406274	188,0000000
673,6419340	1,8405059	190,0000000
673,6863960	1,8403845	196,0000000
673,7308580	1,8402630	177,0000000
673,7753200	1,8401416	184,0000000
673,8197820	1,8400201	202,0000000
673,8642440	1,8398987	181,0000000
673,9087060	1,8397773	183,0000000
673,9531680	1,8396560	200,0000000
673,9976300	1,8395346	191,0000000
674,0420920	1,8394133	182,0000000
674,0865540	1,8392919	198,0000000
674,1310160	1,8391706	196,0000000
674,1754780	1,8390493	188,0000000
674,2199400	1,8389281	208,0000000
674,2644020	1,8388068	188,0000000
674,3088640	1,8386856	201,0000000
674,3533260	1,8385643	177,0000000
674,3977880	1,8384431	201,0000000
674,4422500	1,8383219	200,0000000
674,4867120	1,8382007	201,0000000
674,5311740	1,8380796	206,0000000
674,5756360	1,8379584	216,0000000
674,6200980	1,8378373	212,0000000
674,6645600	1,8377162	204,0000000
674,7090220	1,8375951	219,0000000
674,7534840	1,8374740	236,0000000
674,7979460	1,8373529	233,0000000
674,8424080	1,8372319	227,0000000
674,8868700	1,8371108	222,0000000
674,9313320	1,8369898	232,0000000
674,9757940	1,8368688	231,0000000
675,0202560	1,8367478	209,0000000
675,0647180	1,8366268	217,0000000
675,1091800	1,8365059	217,0000000
675,1536420	1,8363849	244,0000000
675,1981040	1,8362640	240,0000000
675,2425660	1,8361431	245,0000000
675,2870280	1,8360222	238,0000000
675,3314900	1,8359013	245,0000000
675,3759520	1,8357805	254,0000000
675,4204140	1,8356596	260,0000000
675,4648760	1,8355388	314,0000000
675,5093380	1,8354180	255,0000000
675,5538000	1,8352972	233,0000000
675,5982620	1,8351764	248,0000000
675,6427240	1,8350556	256,0000000
675,6871860	1,8349349	252,0000000
675,7316480	1,8348141	251,0000000
675,7761100	1,8346934	256,0000000
675,8205720	1,8345727	292,0000000
675,8650340	1,8344520	284,0000000
675,9094960	1,8343313	266,0000000
675,9539580	1,8342107	270,0000000
675,9984200	1,8340900	300,0000000
676,0428820	1,8339694	302,0000000
676,0873440	1,8338488	301,0000000
676,1318060	1,8337282	317,0000000
676,1762680	1,8336076	321,0000000
676,2207300	1,8334871	332,0000000
676,2651920	1,8333665	325,0000000
676,3096540	1,8332460	317,0000000
676,3541160	1,8331255	341,0000000
676,3985780	1,8330050	360,0000000
676,4430400	1,8328845	384,0000000
676,4875020	1,8327640	411,0000000
676,5319640	1,8326436	416,0000000
676,5764260	1,8325232	436,0000000
676,6208880	1,8324027	455,0000000
676,6653500	1,8322823	450,0000000
676,7098120	1,8321620	486,0000000
676,7542740	1,8320416	467,0000000
676,7987360	1,8319212	503,0000000
676,8431980	1,8318009	526,0000000
676,8876600	1,8316806	563,0000000
676,9321220	1,8315603	536,0000000
676,9765840	1,8314400	582,0000000
677,0210460	1,8313197	584,0000000
677,0655080	1,8311994	591,0000000
677,1099700	1,8310792	641,0000000
677,1544320	1,8309590	712,0000000
677,1988940	1,8308387	707,0000000
677,2433560	1,8307185	764,0000000
677,2878180	1,8305984	766,0000000
677,3322800	1,8304782	765,0000000
677,3767420	1,8303580	838,0000000
677,4212040	1,8302379	977,0000000
677,4656660	1,8301178	1056,0000000
677,5101280	1,8299977	1007,0000000
677,5545900	1,8298776	987,0000000
677,5990520	1,8297575	1123,0000000
677,6435140	1,8296375	1170,0000000
677,6879760	1,8295174	1164,0000000
677,7324380	1,8293974	1184,0000000
677,7769000	1,8292774	1360,0000000
677,8213620	1,8291574	1423,0000000
677,8658240	1,8290374	1461,0000000
677,9102860	1,8289175	1473,0000000
677,9547480	1,8287975	1692,0000000
677,9992100	1,8286776	1761,0000000
678,0436720	1,8285577	1756,0000000
678,0881340	1,8284378	1999,0000000
678,1325960	1,8283179	2145,0000000
678,1770580	1,8281980	2177,0000000
678,2215200	1,8280782	2248,0000000
678,2659820	1,8279584	2492,0000000
678,3104440	1,8278385	2636,0000000
678,3549060	1,8277187	2721,0000000
678,3993680	1,8275989	2703,0000000
678,4438300	1,8274792	2863,0000000
678,4882920	1,8273594	3175,0000000
678,5327540	1,8272397	3284,0000000
678,5772160	1,8271200	3341,0000000
678,6216780	1,8270002	3542,0000000
678,6661400	1,8268805	3645,0000000
678,7106020	1,8267609	3845,0000000
678,7550640	1,8266412	4056,0000000
678,7995260	1,8265216	4293,0000000
678,8439880	1,8264019	4594,0000000
678,8884500	1,8262823	4828,0000000
678,9329120	1,8261627	4968,0000000
678,9773740	1,8260431	5227,0000000
679,0218360	1,8259236	5239,0000000
679,0662980	1,8258040	5603,0000000
679,1107600	1,8256845	6010,0000000
679,1552220	1,8255650	6304,0000000
679,1996840	1,8254454	6694,0000000
679,2441460	1,8253260	6937,0000000
679,2886080	1,8252065	7650,0000000
679,3330700	1,8250870	7970,0000000
679,3775320	1,8249676	8184,0000000
679,4219940	1,8248482	8762,0000000
679,4664560	1,8247287	8901,0000000
679,5109180	1,8246093	8940,0000000
679,5553800	1,8244900	9556,0000000
679,5998420	1,8243706	10375,0000000
679,6443040	1,8242512	10749,0000000
679,6887660	1,8241319	10856,0000000
679,7332280	1,8240126	10748,0000000
679,7776900	1,8238933	11461,0000000
679,8221520	1,8237740	12367,0000000
679,8666140	1,8236547	12755,0000000
679,9110760	1,8235355	13044,0000000
679,9555380	1,8234162	13398,0000000
680,0000000	1,8232970	13826,0000000
680,0444620	1,8231778	14911,0000000
680,0889240	1,8230586	15959,0000000
680,1333860	1,8229394	16502,0000000
680,1778480	1,8228203	16920,0000000
680,2223100	1,8227011	17290,0000000
680,2667720	1,8225820	18200,0000000
680,3112340	1,8224629	18415,0000000
680,3556960	1,8223438	18732,0000000
680,4001580	1,8222247	19078,0000000
680,4446200	1,8221056	19836,0000000
680,4890820	1,8219866	19969,0000000
680,5335440	1,8218675	19581,0000000
680,5780060	1,8217485	19781,0000000
680,6224680	1,8216295	20943,0000000
680,6669300	1,8215105	21783,0000000
680,7113920	1,8213915	22152,0000000
680,7558540	1,8212726	22332,0000000
680,8003160	1,8211536	21977,0000000
680,8447780	1,8210347	22304,0000000
680,8892400	1,8209158	23346,0000000
680,9337020	1,8207969	25156,0000000
680,9781640	1,8206780	26074,0000000
681,0226260	1,8205591	26417,0000000
681,0670880	1,8204403	26425,0000000
681,1115500	1,8203215	25224,0000000
681,1560120	1,8202026	25931,0000000
681,2004740	1,8200838	26766,0000000
681,2449360	1,8199650	25671,0000000
681,2893980	1,8198463	24850,0000000
681,3338600	1,8197275	25667,0000000
681,3783220	1,8196088	26308,0000000
681,4227840	1,8194900	27215,0000000
681,4672460	1,8193713	28078,0000000
681,5117080	1,8192526	27874,0000000
681,5561700	1,8191340	28273,0000000
681,6006320	1,8190153	29018,0000000
681,6450940	1,8188966	30420,0000000
681,6895560	1,8187780	29983,0000000
681,7340180	1,8186594	29857,0000000
681,7784800	1,8185408	29733,0000000
681,8229420	1,8184222	28844,0000000
681,8674040	1,8183036	27373,0000000
681,9118660	1,8181851	25960,0000000
681,9563280	1,8180665	25480,0000000
682,0007900	1,8179480	25340,0000000
682,0452520	1,8178295	25254,0000000
682,0897140	1,8177110	25922,0000000
682,1341760	1,8175925	25714,0000000
682,1786380	1,8174740	25187,0000000
682,2231000	1,8173556	25104,0000000
682,2675620	1,8172372	25752,0000000
682,3120240	1,8171187	25242,0000000
682,3564860	1,8170003	24154,0000000
682,4009480	1,8168820	24385,0000000
682,4454100	1,8167636	24688,0000000
682,4898720	1,8166452	24892,0000000
682,5343340	1,8165269	24091,0000000
682,5787960	1,8164086	23525,0000000
682,6232580	1,8162903	21916,0000000
682,6677200	1,8161720	20992,0000000
682,7121820	1,8160537	21990,0000000
682,7566440	1,8159354	22513,0000000
682,8011060	1,8158172	21409,0000000
682,8455680	1,8156989	20216,0000000
682,8900300	1,8155807	19205,0000000
682,9344920	1,8154625	19278,0000000
682,9789540	1,8153443	20158,0000000
683,0234160	1,8152262	20452,0000000
683,0678780	1,8151080	20462,0000000
683,1123400	1,8149899	20098,0000000
683,1568020	1,8148717	18850,0000000
683,2012640	1,8147536	15996,0000000
683,2457260	1,8146355	14542,0000000
683,2901880	1,8145175	14236,0000000
683,3346500	1,8143994	13299,0000000
683,3791120	1,8142813	13593,0000000
683,4235740	1,8141633	14251,0000000
683,4680360	1,8140453	13617,0000000
683,5124980	1,8139273	12594,0000000
683,5569600	1,8138093	12755,0000000
683,6014220	1,8136913	11028,0000000
683,6458840	1,8135734	10492,0000000
683,6903460	1,8134554	10549,0000000
683,7348080	1,8133375	9778,0000000
683,7792700	1,8132196	8625,0000000
683,8237320	1,8131017	7741,0000000
683,8681940	1,8129838	7050,0000000
683,9126560	1,8128660	6700,0000000
683,9571180	1,8127481	6687,0000000
684,0015800	1,8126303	6468,0000000
684,0460420	1,8125125	6382,0000000
684,0905040	1,8123947	6863,0000000
684,1349660	1,8122769	6544,0000000
684,1794280	1,8121591	6205,0000000
684,2238900	1,8120413	5272,0000000
684,2683520	1,8119236	5492,0000000
684,3128140	1,8118059	5806,0000000
684,3572760	1,8116882	5003,0000000
684,4017380	1,8115705	4980,0000000
684,4462000	1,8114528	5634,0000000
684,4906620	1,8113351	5869,0000000
684,5351240	1,8112175	4883,0000000
684,5795860	1,8110998	4166,0000000
684,6240480	1,8109822	3822,0000000
684,6685100	1,8108646	3248,0000000
684,7129720	1,8107470	3789,0000000
684,7574340	1,8106294	4102,0000000
684,8018960	1,8105119	4000,0000000
684,8463580	1,8103943	4590,0000000
684,8908200	1,8102768	4822,0000000
684,9352820	1,8101593	3409,0000000
684,9797440	1,8100418	2485,0000000
685,0242060	1,8099243	2398,0000000
685,0686680	1,8098069	2256,0000000
685,1131300	1,8096894	2280,0000000
685,1575920	1,8095720	2426,0000000
685,2020540	1,8094545	2178,0000000
685,2465160	1,8093371	1879,0000000
685,2909780	1,8092197	1765,0000000
685,3354400	1,8091024	1702,0000000
685,3799020	1,8089850	1548,0000000
685,4243640	1,8088677	1396,0000000
685,4688260	1,8087503	1330,0000000
685,5132880	1,8086330	1335,0000000
685,5577500	1,8085157	1416,0000000
685,6022120	1,8083984	1483,0000000
685,6466740	1,8082812	1351,0000000
685,6911360	1,8081639	1157,0000000
685,7355980	1,8080467	999,0000000
685,7800600	1,8079295	951,0000000
685,8245220	1,8078122	1089,0000000
685,8689840	1,8076951	1081,0000000
685,9134460	1,8075779	992,0000000
685,9579080	1,8074607	876,0000000
686,0023700	1,8073436	778,0000000
686,0468320	1,8072264	702,0000000
686,0912940	1,8071093	624,0000000
686,1357560	1,8069922	681,0000000
686,1802180	1,8068751	610,0000000
686,2246800	1,8067581	593,0000000
686,2691420	1,8066410	588,0000000
686,3136040	1,8065240	574,0000000
686,3580660	1,8064069	588,0000000
686,4025280	1,8062899	574,0000000
686,4469900	1,8061729	682,0000000
686,4914520	1,8060559	680,0000000
686,5359140	1,8059390	616,0000000
686,5803760	1,8058220	535,0000000
686,6248380	1,8057051	530,0000000
686,6693000	1,8055882	426,0000000
686,7137620	1,8054713	384,0000000
686,7582240	1,8053544	373,0000000
686,8026860	1,8052375	548,0000000
686,8471480	1,8051206	851,0000000
686,8916100	1,8050038	716,0000000
686,9360720	1,8048870	375,0000000
686,9805340	1,8047702	323,0000000
687,0249960	1,8046534	330,0000000
687,0694580	1,8045366	408,0000000
687,1139200	1,8044198	495,0000000
687,1583820	1,8043031	319,0000000
687,2028440	1,8041863	270,0000000
687,2473060	1,8040696	236,0000000
687,2917680	1,8039529	287,0000000
687,3362300	1,8038362	258,0000000
687,3806920	1,8037195	255,0000000
687,4251540	1,8036029	247,0000000
687,4696160	1,8034862	243,0000000
687,5140780	1,8033696	227,0000000
687,5585400	1,8032530	226,0000000
687,6030020	1,8031364	204,0000000
687,6474640	1,8030198	225,0000000
687,6919260	1,8029032	213,0000000
687,7363880	1,8027866	192,0000000
687,7808500	1,8026701	198,0000000
687,8253120	1,8025536	214,0000000
687,8697740	1,8024371	187,0000000
687,9142360	1,8023206	198,0000000
687,9586980	1,8022041	209,0000000
688,0031600	1,8020876	205,0000000
688,0476220	1,8019712	197,0000000
688,0920840	1,8018547	174,0000000
688,1365460	1,8017383	192,0000000
688,1810080	1,8016219	178,0000000
688,2254700	1,8015055	184,0000000
688,2699320	1,8013891	181,0000000
688,3143940	1,8012728	178,0000000
688,3588560	1,8011564	177,0000000
688,4033180	1,8010401	198,0000000
688,4477800	1,8009238	189,0000000
688,4922420	1,8008075	176,0000000
688,5367040	1,8006912	182,0000000
688,5811660	1,8005749	182,0000000
688,6256280	1,8004587	170,0000000
688,6700900	1,8003424	176,0000000
688,7145520	1,8002262	184,0000000
688,7590140	1,8001100	175,0000000
688,8034760	1,7999938	174,0000000
688,8479380	1,7998776	164,0000000
688,8924000	1,7997614	175,0000000
688,9368620	1,7996453	167,0000000
688,9813240	1,7995291	166,0000000
689,0257860	1,7994130	186,0000000
689,0702480	1,7992969	174,0000000
689,1147100	1,7991808	169,0000000
689,1591720	1,7990647	167,0000000
689,2036340	1,7989487	159,0000000
689,2480960	1,7988326	169,0000000
689,2925580	1,7987166	170,0000000
689,3370200	1,7986006	163,0000000
689,3814820	1,7984846	158,0000000
689,4259440	1,7983686	169,0000000
689,4704060	1,7982526	173,0000000
689,5148680	1,7981367	167,0000000
689,5593300	1,7980207	186,0000000
689,6037920	1,7979048	157,0000000
689,6482540	1,7977889	161,0000000
689,6927160	1,7976730	160,0000000
689,7371780	1,7975571	162,0000000
689,7816400	1,7974412	172,0000000
689,8261020	1,7973254	164,0000000
689,8705640	1,7972096	173,0000000
689,9150260	1,7970937	158,0000000
689,9594880	1,7969779	170,0000000
690,0039500	1,7968621	162,0000000
690,0484120	1,7967464	168,0000000
690,0928740	1,7966306	159,0000000
690,1373360	1,7965148	161,0000000
690,1817980	1,7963991	157,0000000
690,2262600	1,7962834	150,0000000
690,2707220	1,7961677	166,0000000
690,3151840	1,7960520	162,0000000
690,3596460	1,7959363	161,0000000
690,4041080	1,7958207	160,0000000
690,4485700	1,7957050	159,0000000
690,4930320	1,7955894	171,0000000
690,5374940	1,7954738	166,0000000
690,5819560	1,7953582	159,0000000
690,6264180	1,7952426	157,0000000
690,6708800	1,7951270	169,0000000
690,7153420	1,7950115	162,0000000
690,7598040	1,7948959	164,0000000
690,8042660	1,7947804	156,0000000
690,8487280	1,7946649	164,0000000
690,8931900	1,7945494	162,0000000
690,9376520	1,7944339	154,0000000
690,9821140	1,7943185	158,0000000
691,0265760	1,7942030	164,0000000
691,0710380	1,7940876	157,0000000
691,1155000	1,7939722	155,0000000
691,1599620	1,7938568	156,0000000
691,2044240	1,7937414	150,0000000
691,2488860	1,7936260	145,0000000
691,2933480	1,7935106	160,0000000
691,3378100	1,7933953	157,0000000
691,3822720	1,7932800	162,0000000
691,4267340	1,7931646	150,0000000
691,4711960	1,7930493	147,0000000
691,5156580	1,7929341	148,0000000
691,5601200	1,7928188	153,0000000
691,6045820	1,7927035	161,0000000
691,6490440	1,7925883	168,0000000
691,6935060	1,7924731	164,0000000
691,7379680	1,7923578	161,0000000
691,7824300	1,7922426	161,0000000
691,8268920	1,7921275	145,0000000
691,8713540	1,7920123	153,0000000
691,9158160	1,7918971	149,0000000
691,9602780	1,7917820	157,0000000
692,0047400	1,7916669	156,0000000
692,0492020	1,7915518	150,0000000
692,0936640	1,7914367	150,0000000
692,1381260	1,7913216	154,0000000
692,1825880	1,7912065	164,0000000
692,2270500	1,7910915	163,0000000
692,2715120	1,7909764	153,0000000
692,3159740	1,7908614	152,0000000
692,3604360	1,7907464	169,0000000
692,4048980	1,7906314	151,0000000
692,4493600	1,7905165	165,0000000
692,4938220	1,7904015	151,0000000
692,5382840	1,7902865	158,0000000
692,5827460	1,7901716	162,0000000
692,6272080	1,7900567	147,0000000
692,6716700	1,7899418	143,0000000
692,7161320	1,7898269	149,0000000
692,7605940	1,7897120	152,0000000
692,8050560	1,7895972	158,0000000
692,8495180	1,7894823	157,0000000
692,8939800	1,7893675	142,0000000
692,9384420	1,7892527	163,0000000
692,9829040	1,7891379	156,0000000
693,0273660	1,7890231	159,0000000
693,0718280	1,7889083	162,0000000
693,1162900	1,7887936	159,0000000
693,1607520	1,7886788	150,0000000
693,2052140	1,7885641	151,0000000
693,2496760	1,7884494	148,0000000
693,2941380	1,7883347	151,0000000
693,3386000	1,7882200	155,0000000
693,3830620	1,7881054	149,0000000
693,4275240	1,7879907	153,0000000
693,4719860	1,7878761	156,0000000
693,5164480	1,7877614	159,0000000
693,5609100	1,7876468	162,0000000
693,6053720	1,7875322	152,0000000
693,6498340	1,7874177	166,0000000
693,6942960	1,7873031	147,0000000
693,7387580	1,7871886	145,0000000
693,7832200	1,7870740	149,0000000
693,8276820	1,7869595	147,0000000
693,8721440	1,7868450	151,0000000
693,9166060	1,7867305	148,0000000
693,9610680	1,7866160	166,0000000
694,0055300	1,7865016	166,0000000
694,0499920	1,7863871	168,0000000
694,0944540	1,7862727	147,0000000
694,1389160	1,7861583	156,0000000
694,1833780	1,7860439	151,0000000
694,2278400	1,7859295	166,0000000
694,2723020	1,7858151	167,0000000
694,3167640	1,7857008	172,0000000
694,3612260	1,7855864	144,0000000
694,4056880	1,7854721	156,0000000
694,4501500	1,7853578	162,0000000
694,4946120	1,7852435	158,0000000
694,5390740	1,7851292	154,0000000
694,5835360	1,7850149	148,0000000
694,6279980	1,7849007	157,0000000
694,6724600	1,7847864	148,0000000
694,7169220	1,7846722	145,0000000
694,7613840	1,7845580	156,0000000
694,8058460	1,7844438	146,0000000
694,8503080	1,7843296	159,0000000
694,8947700	1,7842154	164,0000000
694,9392320	1,7841013	157,0000000
694,9836940	1,7839871	170,0000000
695,0281560	1,7838730	170,0000000
695,0726180	1,7837589	162,0000000
695,1170800	1,7836448	154,0000000
695,1615420	1,7835307	162,0000000
695,2060040	1,7834167	160,0000000
695,2504660	1,7833026	155,0000000
695,2949280	1,7831886	163,0000000
695,3393900	1,7830746	142,0000000
695,3838520	1,7829605	154,0000000
695,4283140	1,7828465	154,0000000
695,4727760	1,7827326	154,0000000
695,5172380	1,7826186	152,0000000
695,5617000	1,7825047	148,0000000
695,6061620	1,7823907	158,0000000
695,6506240	1,7822768	142,0000000
695,6950860	1,7821629	158,0000000
695,7395480	1,7820490	148,0000000
695,7840100	1,7819351	165,0000000
695,8284720	1,7818213	153,0000000
695,8729340	1,7817074	167,0000000
695,9173960	1,7815936	154,0000000
695,9618580	1,7814798	152,0000000
696,0063200	1,7813660	160,0000000
696,0507820	1,7812522	146,0000000
696,0952440	1,7811384	159,0000000
696,1397060	1,7810246	152,0000000
696,1841680	1,7809109	150,0000000
696,2286300	1,7807972	156,0000000
696,2730920	1,7806834	178,0000000
696,3175540	1,7805697	153,0000000
696,3620160	1,7804561	144,0000000
696,4064780	1,7803424	152,0000000
696,4509400	1,7802287	153,0000000
696,4954020	1,7801151	158,0000000
696,5398640	1,7800015	155,0000000
696,5843260	1,7798878	161,0000000
696,6287880	1,7797742	153,0000000
696,6732500	1,7796607	156,0000000
696,7177120	1,7795471	150,0000000
696,7621740	1,7794335	158,0000000
696,8066360	1,7793200	146,0000000
696,8510980	1,7792065	158,0000000
696,8955600	1,7790929	165,0000000
696,9400220	1,7789794	158,0000000
696,9844840	1,7788660	152,0000000
697,0289460	1,7787525	158,0000000
697,0734080	1,7786390	161,0000000
697,1178700	1,7785256	160,0000000
697,1623320	1,7784122	159,0000000
697,2067940	1,7782987	158,0000000
697,2512560	1,7781854	146,0000000
697,2957180	1,7780720	162,0000000
697,3401800	1,7779586	142,0000000
697,3846420	1,7778452	152,0000000
697,4291040	1,7777319	138,0000000
697,4735660	1,7776186	141,0000000
697,5180280	1,7775053	148,0000000
697,5624900	1,7773920	158,0000000
697,6069520	1,7772787	152,0000000
697,6514140	1,7771654	151,0000000
697,6958760	1,7770522	157,0000000
697,7403380	1,7769389	153,0000000
697,7848000	1,7768257	163,0000000
697,8292620	1,7767125	152,0000000
697,8737240	1,7765993	150,0000000
697,9181860	1,7764861	153,0000000
697,9626480	1,7763730	152,0000000
698,0071100	1,7762598	150,0000000
698,0515720	1,7761467	145,0000000
698,0960340	1,7760335	149,0000000
698,1404960	1,7759204	143,0000000
698,1849580	1,7758073	147,0000000
698,2294200	1,7756943	137,0000000
698,2738820	1,7755812	140,0000000
698,3183440	1,7754681	139,0000000
698,3628060	1,7753551	146,0000000
698,4072680	1,7752421	140,0000000
698,4517300	1,7751291	150,0000000
698,4961920	1,7750161	144,0000000
698,5406540	1,7749031	139,0000000
698,5851160	1,7747901	134,0000000
698,6295780	1,7746772	146,0000000
698,6740400	1,7745642	145,0000000
698,7185020	1,7744513	156,0000000
698,7629640	1,7743384	134,0000000
698,8074260	1,7742255	145,0000000
698,8518880	1,7741126	138,0000000
698,8963500	1,7739998	143,0000000
698,9408120	1,7738869	139,0000000
698,9852740	1,7737741	149,0000000
699,0297360	1,7736613	150,0000000
699,0741980	1,7735485	142,0000000
699,1186600	1,7734357	146,0000000
699,1631220	1,7733229	146,0000000
699,2075840	1,7732101	143,0000000
699,2520460	1,7730974	145,0000000
699,2965080	1,7729846	159,0000000
699,3409700	1,7728719	142,0000000
699,3854320	1,7727592	156,0000000
699,4298940	1,7726465	140,0000000
699,4743560	1,7725338	146,0000000
699,5188180	1,7724212	157,0000000
699,5632800	1,7723085	147,0000000
699,6077420	1,7721959	141,0000000
699,6522040	1,7720833	148,0000000
699,6966660	1,7719707	143,0000000
699,7411280	1,7718581	151,0000000
699,7855900	1,7717455	150,0000000
699,8300520	1,7716329	154,0000000
699,8745140	1,7715204	150,0000000
699,9189760	1,7714079	149,0000000
699,9634380	1,7712953	142,0000000
700,0079000	1,7711828	145,0000000
700,0523620	1,7710703	143,0000000
700,0968240	1,7709579	153,0000000
700,1412860	1,7708454	151,0000000
700,1857480	1,7707329	137,0000000
700,2302100	1,7706205	145,0000000
700,2746720	1,7705081	147,0000000
700,3191340	1,7703957	138,0000000
700,3635960	1,7702833	141,0000000
700,4080580	1,7701709	145,0000000
700,4525200	1,7700585	153,0000000
700,4969820	1,7699462	152,0000000
700,5414440	1,7698339	141,0000000
700,5859060	1,7697215	149,0000000
700,6303680	1,7696092	137,0000000
700,6748300	1,7694969	136,0000000
700,7192920	1,7693847	141,0000000
700,7637540	1,7692724	156,0000000
700,8082160	1,7691602	158,0000000
700,8526780	1,7690479	146,0000000
700,8971400	1,7689357	148,0000000
700,9416020	1,7688235	160,0000000
700,9860640	1,7687113	157,0000000
701,0305260	1,7685991	146,0000000
701,0749880	1,7684870	148,0000000
701,1194500	1,7683748	152,0000000
701,1639120	1,7682627	148,0000000
701,2083740	1,7681505	157,0000000
701,2528360	1,7680384	148,0000000
701,2972980	1,7679263	147,0000000
701,3417600	1,7678143	152,0000000
701,3862220	1,7677022	157,0000000
701,4306840	1,7675902	148,0000000
701,4751460	1,7674781	150,0000000
701,5196080	1,7673661	156,0000000
701,5640700	1,7672541	160,0000000
701,6085320	1,7671421	143,0000000
701,6529940	1,7670301	138,0000000
701,6974560	1,7669181	145,0000000
701,7419180	1,7668062	147,0000000
701,7863800	1,7666943	155,0000000
701,8308420	1,7665823	154,0000000
701,8753040	1,7664704	155,0000000
701,9197660	1,7663585	169,0000000
701,9642280	1,7662467	149,0000000
702,0086900	1,7661348	163,0000000
702,0531520	1,7660229	161,0000000
702,0976140	1,7659111	151,0000000
702,1420760	1,7657993	162,0000000
702,1865380	1,7656875	160,0000000
702,2310000	1,7655757	155,0000000
702,2754620	1,7654639	159,0000000
702,3199240	1,7653521	148,0000000
702,3643860	1,7652404	149,0000000
702,4088480	1,7651286	160,0000000
702,4533100	1,7650169	159,0000000
702,4977720	1,7649052	153,0000000
702,5422340	1,7647935	154,0000000
702,5866960	1,7646818	160,0000000
702,6311580	1,7645702	163,0000000
702,6756200	1,7644585	160,0000000
702,7200820	1,7643469	157,0000000
702,7645440	1,7642352	156,0000000
702,8090060	1,7641236	151,0000000
702,8534680	1,7640120	163,0000000
702,8979300	1,7639004	154,0000000
702,9423920	1,7637889	156,0000000
702,9868540	1,7636773	168,0000000
703,0313160	1,7635658	148,0000000
703,0757780	1,7634543	166,0000000
703,1202400	1,7633427	156,0000000
703,1647020	1,7632312	161,0000000
703,2091640	1,7631198	154,0000000
703,2536260	1,7630083	158,0000000
703,2980880	1,7628968	184,0000000
703,3425500	1,7627854	162,0000000
703,3870120	1,7626740	160,0000000
703,4314740	1,7625625	163,0000000
703,4759360	1,7624511	163,0000000
703,5203980	1,7623398	170,0000000
703,5648600	1,7622284	167,0000000
703,6093220	1,7621170	166,0000000
703,6537840	1,7620057	166,0000000
703,6982460	1,7618944	160,0000000
703,7427080	1,7617830	165,0000000
703,7871700	1,7616717	186,0000000
703,8316320	1,7615605	181,0000000
703,8760940	1,7614492	188,0000000
703,9205560	1,7613379	169,0000000
703,9650180	1,7612267	173,0000000
704,0094800	1,7611154	178,0000000
704,0539420	1,7610042	184,0000000
704,0984040	1,7608930	175,0000000
704,1428660	1,7607818	177,0000000
704,1873280	1,7606707	194,0000000
704,2317900	1,7605595	175,0000000
704,2762520	1,7604484	180,0000000
704,3207140	1,7603372	168,0000000
704,3651760	1,7602261	168,0000000
704,4096380	1,7601150	181,0000000
704,4541000	1,7600039	170,0000000
704,4985620	1,7598928	179,0000000
704,5430240	1,7597818	168,0000000
704,5874860	1,7596707	184,0000000
704,6319480	1,7595597	178,0000000
704,6764100	1,7594487	175,0000000
704,7208720	1,7593377	161,0000000
704,7653340	1,7592267	167,0000000
704,8097960	1,7591157	174,0000000
704,8542580	1,7590047	180,0000000
704,8987200	1,7588938	190,0000000
704,9431820	1,7587828	181,0000000
704,9876440	1,7586719	177,0000000
705,0321060	1,7585610	197,0000000
705,0765680	1,7584501	177,0000000
705,1210300	1,7583392	199,0000000
705,1654920	1,7582284	176,0000000
705,2099540	1,7581175	198,0000000
705,2544160	1,7580067	213,0000000
705,2988780	1,7578958	181,0000000
705,3433400	1,7577850	193,0000000
705,3878020	1,7576742	184,0000000
705,4322640	1,7575635	202,0000000
705,4767260	1,7574527	207,0000000
705,5211880	1,7573419	207,0000000
705,5656500	1,7572312	209,0000000
705,6101120	1,7571205	197,0000000
705,6545740	1,7570098	206,0000000
705,6990360	1,7568991	196,0000000
705,7434980	1,7567884	209,0000000
705,7879600	1,7566777	218,0000000
705,8324220	1,7565670	215,0000000
705,8768840	1,7564564	232,0000000
705,9213460	1,7563458	225,0000000
705,9658080	1,7562352	234,0000000
706,0102700	1,7561246	216,0000000
706,0547320	1,7560140	238,0000000
706,0991940	1,7559034	242,0000000
706,1436560	1,7557928	246,0000000
706,1881180	1,7556823	281,0000000
706,2325800	1,7555718	279,0000000
706,2770420	1,7554612	300,0000000
706,3215040	1,7553507	292,0000000
706,3659660	1,7552402	295,0000000
706,4104280	1,7551298	329,0000000
706,4548900	1,7550193	335,0000000
706,4993520	1,7549089	336,0000000
706,5438140	1,7547984	340,0000000
706,5882760	1,7546880	343,0000000
706,6327380	1,7545776	367,0000000
706,6772000	1,7544672	402,0000000
706,7216620	1,7543568	406,0000000
706,7661240	1,7542465	410,0000000
706,8105860	1,7541361	451,0000000
706,8550480	1,7540258	462,0000000
706,8995100	1,7539154	494,0000000
706,9439720	1,7538051	494,0000000
706,9884340	1,7536948	538,0000000
707,0328960	1,7535846	569,0000000
707,0773580	1,7534743	542,0000000
707,1218200	1,7533640	577,0000000
707,1662820	1,7532538	635,0000000
707,2107440	1,7531436	649,0000000
707,2552060	1,7530334	689,0000000
707,2996680	1,7529232	732,0000000
707,3441300	1,7528130	821,0000000
707,3885920	1,7527028	807,0000000
707,4330540	1,7525926	842,0000000
707,4775160	1,7524825	942,0000000
707,5219780	1,7523724	966,0000000
707,5664400	1,7522623	992,0000000
707,6109020	1,7521522	1048,0000000
707,6553640	1,7520421	1053,0000000
707,6998260	1,7519320	1169,0000000
707,7442880	1,7518219	1263,0000000
707,7887500	1,7517119	1305,0000000
707,8332120	1,7516019	1398,0000000
707,8776740	1,7514918	1494,0000000
707,9221360	1,7513818	1517,0000000
707,9665980	1,7512718	1626,0000000
708,0110600	1,7511619	1705,0000000
708,0555220	1,7510519	1810,0000000
708,0999840	1,7509420	1841,0000000
708,1444460	1,7508320	1998,0000000
708,1889080	1,7507221	2138,0000000
708,2333700	1,7506122	2248,0000000
708,2778320	1,7505023	2381,0000000
708,3222940	1,7503924	2549,0000000
708,3667560	1,7502825	2768,0000000
708,4112180	1,7501727	2848,0000000
708,4556800	1,7500629	2933,0000000
708,5001420	1,7499530	3160,0000000
708,5446040	1,7498432	3395,0000000
708,5890660	1,7497334	3478,0000000
708,6335280	1,7496236	3686,0000000
708,6779900	1,7495139	3837,0000000
708,7224520	1,7494041	3882,0000000
708,7669140	1,7492944	4380,0000000
708,8113760	1,7491846	4547,0000000
708,8558380	1,7490749	4809,0000000
708,9003000	1,7489652	4995,0000000
708,9447620	1,7488555	5326,0000000
708,9892240	1,7487459	5459,0000000
709,0336860	1,7486362	5579,0000000
709,0781480	1,7485266	5990,0000000
709,1226100	1,7484169	6303,0000000
709,1670720	1,7483073	6767,0000000
709,2115340	1,7481977	7175,0000000
709,2559960	1,7480881	7319,0000000
709,3004580	1,7479785	7823,0000000
709,3449200	1,7478690	8127,0000000
709,3893820	1,7477594	8457,0000000
709,4338440	1,7476499	8725,0000000
709,4783060	1,7475404	8960,0000000
709,5227680	1,7474308	9146,0000000
709,5672300	1,7473213	9622,0000000
709,6116920	1,7472119	10100,0000000
709,6561540	1,7471024	10325,0000000
709,7006160	1,7469929	10961,0000000
709,4000000	1,8232970	11214,0000000
