680,2104600	1,8227329	22434,0000000
680,2549220	1,8226137	22614,0000000
680,2993840	1,8224946	23753,0000000
680,3438460	1,8223755	22816,0000000
680,3883080	1,8222564	22065,0000000
680,4327700	1,8221374	23067,0000000
680,4772320	1,8220183	21430,0000000
680,5216940	1,8218993	18705,0000000
680,5661560	1,8217802	18656,0000000
680,6106180	1,8216612	20424,0000000
680,6550800	1,8215422	20736,0000000
680,6995420	1,8214232	17935,0000000
680,7440040	1,8213043	17123,0000000
680,7884660	1,8211853	15970,0000000
680,8329280	1,8210664	16124,0000000
680,8773900	1,8209475	16308,0000000
680,9218520	1,8208286	16536,0000000
680,9663140	1,8207097	16935,0000000
681,0107760	1,8205908	15819,0000000
681,0552380	1,8204720	15581,0000000
681,0997000	1,8203531	15729,0000000
681,1441620	1,8202343	16405,0000000
681,1886240	1,8201155	15966,0000000
681,2330860	1,8199967	12345,0000000
681,2775480	1,8198779	12221,0000000
681,3220100	1,8197592	13537,0000000
681,3664720	1,8196404	13143,0000000
681,4109340	1,8195217	11658,0000000
681,4553960	1,8194030	10325,0000000
681,4998580	1,8192843	8946,0000000
681,5443200	1,8191656	7682,0000000
681,5887820	1,8190469	7007,0000000
681,6332440	1,8189283	7205,0000000
681,6777060	1,8188096	7433,0000000
681,7221680	1,8186910	7274,0000000
681,7666300	1,8185724	7836,0000000
681,8110920	1,8184538	9848,0000000
681,8555540	1,8183352	10493,0000000
681,9000160	1,8182167	8606,0000000
681,9444780	1,8180981	7899,0000000
681,9889400	1,8179796	8886,0000000
682,0334020	1,8178611	7963,0000000
682,0778640	1,8177426	5961,0000000
682,1223260	1,8176241	5007,0000000
682,1667880	1,8175056	4348,0000000
682,2112500	1,8173872	4432,0000000
682,2557120	1,8172687	4356,0000000
682,3001740	1,8171503	4357,0000000
682,3446360	1,8170319	3997,0000000
682,3890980	1,8169135	4054,0000000
682,4335600	1,8167951	4861,0000000
682,4780220	1,8166768	5160,0000000
682,5224840	1,8165584	4440,0000000
682,5669460	1,8164401	3205,0000000
682,6114080	1,8163218	3377,0000000
682,6558700	1,8162035	4145,0000000
682,7003320	1,8160852	2919,0000000
682,7447940	1,8159669	2340,0000000
682,7892560	1,8158487	2462,0000000
682,8337180	1,8157304	3275,0000000
682,8781800	1,8156122	4098,0000000
682,9226420	1,8154940	4573,0000000
682,9671040	1,8153758	2425,0000000
683,0115660	1,8152576	2318,0000000
683,0560280	1,8151395	3241,0000000
683,1004900	1,8150213	3164,0000000
683,1449520	1,8149032	1926,0000000
683,1894140	1,8147851	1612,0000000
683,2338760	1,8146670	1556,0000000
683,2783380	1,8145489	1477,0000000
683,3228000	1,8144309	1182,0000000
683,3672620	1,8143128	1065,0000000
683,4117240	1,8141948	930,0000000
683,4561860	1,8140767	838,0000000
683,5006480	1,8139587	863,0000000
683,5451100	1,8138407	813,0000000
683,5895720	1,8137228	709,0000000
683,6340340	1,8136048	700,0000000
683,6784960	1,8134869	724,0000000
683,7229580	1,8133689	798,0000000
683,7674200	1,8132510	833,0000000
683,8118820	1,8131331	688,0000000
683,8563440	1,8130152	593,0000000
683,9008060	1,8128974	608,0000000
683,9452680	1,8127795	585,0000000
683,9897300	1,8126617	539,0000000
684,0341920	1,8125439	553,0000000
684,0786540	1,8124260	476,0000000
684,1231160	1,8123083	471,0000000
684,1675780	1,8121905	490,0000000
684,2120400	1,8120727	510,0000000
684,2565020	1,8119550	446,0000000
684,3009640	1,8118372	409,0000000
684,3454260	1,8117195	447,0000000
684,3898880	1,8116018	489,0000000
684,4343500	1,8114841	452,0000000
684,4788120	1,8113665	358,0000000
684,5232740	1,8112488	353,0000000
684,5677360	1,8111312	315,0000000
684,6121980	1,8110136	288,0000000
684,6566600	1,8108959	270,0000000
684,7011220	1,8107784	306,0000000
684,7455840	1,8106608	305,0000000
684,7900460	1,8105432	275,0000000
684,8345080	1,8104257	306,0000000
684,8789700	1,8103081	299,0000000
684,9234320	1,8101906	340,0000000
684,9678940	1,8100731	603,0000000
685,0123560	1,8099556	446,0000000
685,0568180	1,8098382	328,0000000
685,1012800	1,8097207	315,0000000
685,1457420	1,8096033	295,0000000
685,1902040	1,8094858	253,0000000
685,2346660	1,8093684	269,0000000
685,2791280	1,8092510	222,0000000
685,3235900	1,8091337	221,0000000
685,3680520	1,8090163	225,0000000
685,4125140	1,8088989	221,0000000
685,4569760	1,8087816	213,0000000
685,5014380	1,8086643	231,0000000
685,5459000	1,8085470	245,0000000
685,5903620	1,8084297	215,0000000
685,6348240	1,8083124	259,0000000
685,6792860	1,8081952	293,0000000
685,7237480	1,8080779	276,0000000
685,7682100	1,8079607	246,0000000
685,8126720	1,8078435	229,0000000
685,8571340	1,8077263	199,0000000
685,9015960	1,8076091	207,0000000
685,9460580	1,8074919	184,0000000
685,9905200	1,8073748	189,0000000
686,0349820	1,8072577	178,0000000
686,0794440	1,8071405	182,0000000
686,1239060	1,8070234	185,0000000
686,1683680	1,8069063	188,0000000
686,2128300	1,8067893	178,0000000
686,2572920	1,8066722	182,0000000
686,3017540	1,8065552	179,0000000
686,3462160	1,8064381	182,0000000
686,3906780	1,8063211	165,0000000
686,4351400	1,8062041	169,0000000
686,4796020	1,8060871	180,0000000
686,5240640	1,8059702	183,0000000
686,5685260	1,8058532	178,0000000
686,6129880	1,8057363	167,0000000
686,6574500	1,8056193	165,0000000
686,7019120	1,8055024	169,0000000
686,7463740	1,8053855	171,0000000
686,7908360	1,8052687	166,0000000
686,8352980	1,8051518	164,0000000
686,8797600	1,8050349	164,0000000
686,9242220	1,8049181	166,0000000
686,9686840	1,8048013	174,0000000
687,0131460	1,8046845	178,0000000
687,0576080	1,8045677	160,0000000
687,1020700	1,8044509	172,0000000
687,1465320	1,8043342	165,0000000
687,1909940	1,8042174	165,0000000
687,2354560	1,8041007	151,0000000
687,2799180	1,8039840	157,0000000
687,3243800	1,8038673	165,0000000
687,3688420	1,8037506	152,0000000
687,4133040	1,8036339	165,0000000
687,4577660	1,8035173	176,0000000
687,5022280	1,8034007	166,0000000
687,5466900	1,8032840	165,0000000
687,5911520	1,8031674	159,0000000
687,6356140	1,8030508	166,0000000
687,6800760	1,8029343	167,0000000
687,7245380	1,8028177	159,0000000
687,7690000	1,8027012	158,0000000
687,8134620	1,8025846	151,0000000
687,8579240	1,8024681	160,0000000
687,9023860	1,8023516	149,0000000
687,9468480	1,8022351	158,0000000
687,9913100	1,8021186	172,0000000
688,0357720	1,8020022	162,0000000
688,0802340	1,8018858	144,0000000
688,1246960	1,8017693	152,0000000
688,1691580	1,8016529	166,0000000
688,2136200	1,8015365	156,0000000
688,2580820	1,8014201	143,0000000
688,3025440	1,8013038	145,0000000
688,3470060	1,8011874	144,0000000
688,3914680	1,8010711	157,0000000
688,4359300	1,8009548	160,0000000
688,4803920	1,8008385	147,0000000
688,5248540	1,8007222	155,0000000
688,5693160	1,8006059	154,0000000
688,6137780	1,8004896	169,0000000
688,6582400	1,8003734	149,0000000
688,7027020	1,8002572	152,0000000
688,7471640	1,8001409	163,0000000
688,7916260	1,8000247	158,0000000
688,8360880	1,7999086	150,0000000
688,8805500	1,7997924	151,0000000
688,9250120	1,7996762	146,0000000
688,9694740	1,7995601	141,0000000
689,0139360	1,7994440	153,0000000
689,0583980	1,7993279	148,0000000
689,1028600	1,7992118	146,0000000
689,1473220	1,7990957	151,0000000
689,1917840	1,7989796	141,0000000
689,2362460	1,7988636	157,0000000
689,2807080	1,7987475	144,0000000
689,3251700	1,7986315	163,0000000
689,3696320	1,7985155	152,0000000
689,4140940	1,7983995	153,0000000
689,4585560	1,7982835	152,0000000
689,5030180	1,7981676	154,0000000
689,5474800	1,7980516	141,0000000
689,5919420	1,7979357	157,0000000
689,6364040	1,7978198	148,0000000
689,6808660	1,7977039	140,0000000
689,7253280	1,7975880	142,0000000
689,7697900	1,7974721	144,0000000
689,8142520	1,7973563	152,0000000
689,8587140	1,7972404	140,0000000
689,9031760	1,7971246	148,0000000
689,9476380	1,7970088	167,0000000
689,9921000	1,7968930	149,0000000
690,0365620	1,7967772	142,0000000
690,0810240	1,7966614	150,0000000
690,1254860	1,7965457	149,0000000
690,1699480	1,7964300	144,0000000
690,2144100	1,7963142	151,0000000
690,2588720	1,7961985	156,0000000
690,3033340	1,7960828	157,0000000
690,3477960	1,7959672	148,0000000
690,3922580	1,7958515	145,0000000
690,4367200	1,7957358	151,0000000
690,4811820	1,7956202	147,0000000
690,5256440	1,7955046	142,0000000
690,5701060	1,7953890	140,0000000
690,6145680	1,7952734	146,0000000
690,6590300	1,7951578	146,0000000
690,7034920	1,7950423	142,0000000
690,7479540	1,7949267	159,0000000
690,7924160	1,7948112	161,0000000
690,8368780	1,7946957	150,0000000
690,8813400	1,7945802	153,0000000
690,9258020	1,7944647	155,0000000
690,9702640	1,7943492	157,0000000
691,0147260	1,7942338	149,0000000
691,0591880	1,7941183	150,0000000
691,1036500	1,7940029	148,0000000
691,1481120	1,7938875	160,0000000
691,1925740	1,7937721	137,0000000
691,2370360	1,7936567	149,0000000
691,2814980	1,7935414	142,0000000
691,3259600	1,7934260	150,0000000
691,3704220	1,7933107	154,0000000
691,4148840	1,7931954	152,0000000
691,4593460	1,7930801	154,0000000
691,5038080	1,7929648	155,0000000
691,5482700	1,7928495	140,0000000
691,5927320	1,7927342	148,0000000
691,6371940	1,7926190	147,0000000
691,6816560	1,7925038	140,0000000
691,7261180	1,7923885	150,0000000
691,7705800	1,7922733	153,0000000
691,8150420	1,7921582	153,0000000
691,8595040	1,7920430	146,0000000
691,9039660	1,7919278	153,0000000
691,9484280	1,7918127	152,0000000
691,9928900	1,7916976	154,0000000
692,0373520	1,7915824	145,0000000
692,0818140	1,7914673	142,0000000
692,1262760	1,7913523	140,0000000
692,1707380	1,7912372	158,0000000
692,2152000	1,7911221	141,0000000
692,2596620	1,7910071	152,0000000
692,3041240	1,7908921	144,0000000
692,3485860	1,7907771	147,0000000
692,3930480	1,7906621	147,0000000
692,4375100	1,7905471	148,0000000
692,4819720	1,7904321	148,0000000
692,5264340	1,7903172	149,0000000
692,5708960	1,7902022	152,0000000
692,6153580	1,7900873	147,0000000
692,6598200	1,7899724	148,0000000
692,7042820	1,7898575	143,0000000
692,7487440	1,7897426	165,0000000
692,7932060	1,7896278	164,0000000
692,8376680	1,7895129	152,0000000
692,8821300	1,7893981	152,0000000
692,9265920	1,7892833	154,0000000
692,9710540	1,7891685	147,0000000
693,0155160	1,7890537	142,0000000
693,0599780	1,7889389	151,0000000
693,1044400	1,7888242	147,0000000
693,1489020	1,7887094	152,0000000
693,1933640	1,7885947	151,0000000
693,2378260	1,7884800	152,0000000
693,2822880	1,7883653	143,0000000
693,3267500	1,7882506	138,0000000
693,3712120	1,7881359	132,0000000
693,4156740	1,7880213	135,0000000
693,4601360	1,7879066	139,0000000
693,5045980	1,7877920	139,0000000
693,5490600	1,7876774	154,0000000
693,5935220	1,7875628	143,0000000
693,6379840	1,7874482	143,0000000
693,6824460	1,7873336	138,0000000
693,7269080	1,7872191	138,0000000
693,7713700	1,7871045	148,0000000
693,8158320	1,7869900	138,0000000
693,8602940	1,7868755	142,0000000
693,9047560	1,7867610	145,0000000
693,9492180	1,7866465	145,0000000
693,9936800	1,7865321	138,0000000
694,0381420	1,7864176	148,0000000
694,0826040	1,7863032	153,0000000
694,1270660	1,7861888	140,0000000
694,1715280	1,7860744	151,0000000
694,2159900	1,7859600	143,0000000
694,2604520	1,7858456	139,0000000
694,3049140	1,7857312	152,0000000
694,3493760	1,7856169	144,0000000
694,3938380	1,7855026	144,0000000
694,4383000	1,7853882	146,0000000
694,4827620	1,7852739	151,0000000
694,5272240	1,7851596	149,0000000
694,5716860	1,7850454	152,0000000
694,6161480	1,7849311	148,0000000
694,6606100	1,7848169	139,0000000
694,7050720	1,7847026	143,0000000
694,7495340	1,7845884	140,0000000
694,7939960	1,7844742	137,0000000
694,8384580	1,7843600	145,0000000
694,8829200	1,7842459	135,0000000
694,9273820	1,7841317	152,0000000
694,9718440	1,7840176	145,0000000
695,0163060	1,7839034	143,0000000
695,0607680	1,7837893	145,0000000
695,1052300	1,7836752	149,0000000
695,1496920	1,7835611	143,0000000
695,1941540	1,7834471	144,0000000
695,2386160	1,7833330	152,0000000
695,2830780	1,7832190	157,0000000
695,3275400	1,7831049	141,0000000
695,3720020	1,7829909	139,0000000
695,4164640	1,7828769	142,0000000
695,4609260	1,7827629	135,0000000
695,5053880	1,7826490	150,0000000
695,5498500	1,7825350	141,0000000
695,5943120	1,7824211	146,0000000
695,6387740	1,7823072	133,0000000
695,6832360	1,7821933	151,0000000
695,7276980	1,7820794	142,0000000
695,7721600	1,7819655	145,0000000
695,8166220	1,7818516	132,0000000
695,8610840	1,7817378	144,0000000
695,9055460	1,7816239	148,0000000
695,9500080	1,7815101	156,0000000
695,9944700	1,7813963	154,0000000
696,0389320	1,7812825	149,0000000
696,0833940	1,7811687	152,0000000
696,1278560	1,7810550	140,0000000
696,1723180	1,7809412	130,0000000
696,2167800	1,7808275	141,0000000
696,2612420	1,7807138	153,0000000
696,3057040	1,7806000	148,0000000
696,3501660	1,7804864	146,0000000
696,3946280	1,7803727	146,0000000
696,4390900	1,7802590	143,0000000
696,4835520	1,7801454	138,0000000
696,5280140	1,7800317	135,0000000
696,5724760	1,7799181	153,0000000
696,6169380	1,7798045	132,0000000
696,6614000	1,7796909	135,0000000
696,7058620	1,7795773	142,0000000
696,7503240	1,7794638	137,0000000
696,7947860	1,7793502	140,0000000
696,8392480	1,7792367	137,0000000
696,8837100	1,7791232	146,0000000
696,9281720	1,7790097	145,0000000
696,9726340	1,7788962	140,0000000
697,0170960	1,7787827	140,0000000
697,0615580	1,7786693	141,0000000
697,1060200	1,7785558	156,0000000
697,1504820	1,7784424	141,0000000
697,1949440	1,7783290	156,0000000
697,2394060	1,7782156	160,0000000
697,2838680	1,7781022	196,0000000
697,3283300	1,7779888	172,0000000
697,3727920	1,7778755	151,0000000
697,4172540	1,7777621	137,0000000
697,4617160	1,7776488	139,0000000
697,5061780	1,7775355	135,0000000
697,5506400	1,7774222	143,0000000
697,5951020	1,7773089	144,0000000
697,6395640	1,7771956	141,0000000
697,6840260	1,7770824	141,0000000
697,7284880	1,7769691	142,0000000
697,7729500	1,7768559	146,0000000
697,8174120	1,7767427	129,0000000
697,8618740	1,7766295	138,0000000
697,9063360	1,7765163	139,0000000
697,9507980	1,7764031	141,0000000
697,9952600	1,7762900	130,0000000
698,0397220	1,7761768	141,0000000
698,0841840	1,7760637	142,0000000
698,1286460	1,7759506	143,0000000
698,1731080	1,7758375	144,0000000
698,2175700	1,7757244	145,0000000
698,2620320	1,7756113	133,0000000
698,3064940	1,7754983	143,0000000
698,3509560	1,7753852	134,0000000
698,3954180	1,7752722	142,0000000
698,4398800	1,7751592	136,0000000
698,4843420	1,7750462	137,0000000
698,5288040	1,7749332	144,0000000
698,5732660	1,7748202	136,0000000
698,6177280	1,7747073	135,0000000
698,6621900	1,7745943	150,0000000
698,7066520	1,7744814	137,0000000
698,7511140	1,7743685	137,0000000
698,7955760	1,7742556	143,0000000
698,8400380	1,7741427	137,0000000
698,8845000	1,7740299	141,0000000
698,9289620	1,7739170	140,0000000
698,9734240	1,7738042	143,0000000
699,0178860	1,7736913	153,0000000
699,0623480	1,7735785	142,0000000
699,1068100	1,7734657	136,0000000
699,1512720	1,7733529	143,0000000
699,1957340	1,7732402	140,0000000
699,2401960	1,7731274	159,0000000
699,2846580	1,7730147	150,0000000
699,3291200	1,7729020	145,0000000
699,3735820	1,7727893	152,0000000
699,4180440	1,7726766	146,0000000
699,4625060	1,7725639	143,0000000
699,5069680	1,7724512	136,0000000
699,5514300	1,7723386	146,0000000
699,5958920	1,7722259	137,0000000
699,6403540	1,7721133	146,0000000
699,6848160	1,7720007	137,0000000
699,7292780	1,7718881	150,0000000
699,7737400	1,7717755	144,0000000
699,8182020	1,7716629	145,0000000
699,8626640	1,7715504	145,0000000
699,9071260	1,7714378	142,0000000
699,9515880	1,7713253	151,0000000
699,9960500	1,7712128	140,0000000
700,0405120	1,7711003	144,0000000
700,0849740	1,7709878	136,0000000
700,1294360	1,7708754	146,0000000
700,1738980	1,7707629	142,0000000
700,2183600	1,7706505	140,0000000
700,2628220	1,7705380	146,0000000
700,3072840	1,7704256	138,0000000
700,3517460	1,7703132	137,0000000
700,3962080	1,7702009	140,0000000
700,4406700	1,7700885	137,0000000
700,4851320	1,7699761	148,0000000
700,5295940	1,7698638	146,0000000
700,5740560	1,7697515	139,0000000
700,6185180	1,7696392	140,0000000
700,6629800	1,7695269	144,0000000
700,7074420	1,7694146	138,0000000
700,7519040	1,7693023	147,0000000
700,7963660	1,7691901	135,0000000
700,8408280	1,7690778	157,0000000
700,8852900	1,7689656	140,0000000
700,9297520	1,7688534	137,0000000
700,9742140	1,7687412	146,0000000
701,0186760	1,7686290	154,0000000
701,0631380	1,7685168	146,0000000
701,1076000	1,7684047	145,0000000
701,1520620	1,7682926	153,0000000
701,1965240	1,7681804	158,0000000
701,2409860	1,7680683	134,0000000
701,2854480	1,7679562	139,0000000
701,3299100	1,7678441	150,0000000
701,3743720	1,7677321	143,0000000
701,4188340	1,7676200	158,0000000
701,4632960	1,7675080	152,0000000
701,5077580	1,7673959	156,0000000
701,5522200	1,7672839	140,0000000
701,5966820	1,7671719	149,0000000
701,6411440	1,7670600	145,0000000
701,6856060	1,7669480	156,0000000
701,7300680	1,7668360	145,0000000
701,7745300	1,7667241	151,0000000
701,8189920	1,7666122	142,0000000
701,8634540	1,7665003	140,0000000
701,9079160	1,7663884	150,0000000
701,9523780	1,7662765	145,0000000
701,9968400	1,7661646	151,0000000
702,0413020	1,7660527	160,0000000
702,0857640	1,7659409	148,0000000
702,1302260	1,7658291	148,0000000
702,1746880	1,7657173	163,0000000
702,2191500	1,7656055	156,0000000
702,2636120	1,7654937	148,0000000
702,3080740	1,7653819	159,0000000
702,3525360	1,7652702	153,0000000
702,3969980	1,7651584	142,0000000
702,4414600	1,7650467	164,0000000
702,4859220	1,7649350	142,0000000
702,5303840	1,7648233	142,0000000
702,5748460	1,7647116	148,0000000
702,6193080	1,7645999	158,0000000
702,6637700	1,7644883	152,0000000
702,7082320	1,7643766	154,0000000
702,7526940	1,7642650	169,0000000
702,7971560	1,7641534	160,0000000
702,8416180	1,7640418	146,0000000
702,8860800	1,7639302	153,0000000
702,9305420	1,7638186	144,0000000
702,9750040	1,7637070	149,0000000
703,0194660	1,7635955	152,0000000
703,0639280	1,7634840	160,0000000
703,1083900	1,7633725	156,0000000
703,1528520	1,7632610	159,0000000
703,1973140	1,7631495	163,0000000
703,2417760	1,7630380	153,0000000
703,2862380	1,7629265	160,0000000
703,3307000	1,7628151	167,0000000
703,3751620	1,7627037	156,0000000
703,4196240	1,7625922	148,0000000
703,4640860	1,7624808	146,0000000
703,5085480	1,7623694	158,0000000
703,5530100	1,7622581	152,0000000
703,5974720	1,7621467	164,0000000
703,6419340	1,7620354	170,0000000
703,6863960	1,7619240	164,0000000
703,7308580	1,7618127	179,0000000
703,7753200	1,7617014	162,0000000
703,8197820	1,7615901	161,0000000
703,8642440	1,7614788	169,0000000
703,9087060	1,7613676	177,0000000
703,9531680	1,7612563	175,0000000
703,9976300	1,7611451	171,0000000
704,0420920	1,7610339	181,0000000
704,0865540	1,7609227	181,0000000
704,1310160	1,7608115	196,0000000
704,1754780	1,7607003	179,0000000
704,2199400	1,7605891	202,0000000
704,2644020	1,7604780	203,0000000
704,3088640	1,7603668	199,0000000
704,3533260	1,7602557	198,0000000
704,3977880	1,7601446	201,0000000
704,4422500	1,7600335	221,0000000
704,4867120	1,7599224	277,0000000
704,5311740	1,7598114	352,0000000
704,5756360	1,7597003	342,0000000
704,6200980	1,7595893	280,0000000
704,6645600	1,7594783	237,0000000
704,7090220	1,7593672	229,0000000
704,7534840	1,7592562	260,0000000
704,7979460	1,7591453	236,0000000
704,8424080	1,7590343	229,0000000
704,8868700	1,7589233	253,0000000
704,9313320	1,7588124	245,0000000
704,9757940	1,7587015	265,0000000
705,0202560	1,7585906	268,0000000
705,0647180	1,7584797	259,0000000
705,1091800	1,7583688	267,0000000
705,1536420	1,7582579	264,0000000
705,1981040	1,7581471	281,0000000
705,2425660	1,7580362	309,0000000
705,2870280	1,7579254	319,0000000
705,3314900	1,7578146	326,0000000
705,3759520	1,7577038	297,0000000
705,4204140	1,7575930	300,0000000
705,4648760	1,7574822	328,0000000
705,5093380	1,7573715	355,0000000
705,5538000	1,7572607	351,0000000
705,5982620	1,7571500	334,0000000
705,6427240	1,7570393	406,0000000
705,6871860	1,7569286	389,0000000
705,7316480	1,7568179	413,0000000
705,7761100	1,7567072	418,0000000
705,8205720	1,7565965	429,0000000
705,8650340	1,7564859	403,0000000
705,9094960	1,7563753	449,0000000
705,9539580	1,7562646	483,0000000
705,9984200	1,7561540	513,0000000
706,0428820	1,7560434	512,0000000
706,0873440	1,7559329	568,0000000
706,1318060	1,7558223	587,0000000
706,1762680	1,7557117	559,0000000
706,2207300	1,7556012	588,0000000
706,2651920	1,7554907	617,0000000
706,3096540	1,7553802	664,0000000
706,3541160	1,7552697	707,0000000
706,3985780	1,7551592	714,0000000
706,4430400	1,7550487	797,0000000
706,4875020	1,7549383	788,0000000
706,5319640	1,7548279	828,0000000
706,5764260	1,7547174	832,0000000
706,6208880	1,7546070	891,0000000
706,6653500	1,7544966	887,0000000
706,7098120	1,7543862	1053,0000000
706,7542740	1,7542759	1020,0000000
706,7987360	1,7541655	1061,0000000
706,8431980	1,7540552	1134,0000000
706,8876600	1,7539448	1164,0000000
706,9321220	1,7538345	1178,0000000
706,9765840	1,7537242	1148,0000000
707,0210460	1,7536140	1264,0000000
707,0655080	1,7535037	1268,0000000
707,1099700	1,7533934	1336,0000000
707,1544320	1,7532832	1349,0000000
707,1988940	1,7531729	1397,0000000
707,2433560	1,7530627	1384,0000000
707,2878180	1,7529525	1522,0000000
707,3322800	1,7528423	1524,0000000
707,3767420	1,7527322	1584,0000000
707,4212040	1,7526220	1634,0000000
707,4656660	1,7525119	1707,0000000
707,5101280	1,7524017	1671,0000000
707,5545900	1,7522916	1780,0000000
707,5990520	1,7521815	1839,0000000
707,6435140	1,7520714	1903,0000000
707,6879760	1,7519613	1983,0000000
707,7324380	1,7518513	1959,0000000
707,7769000	1,7517412	1911,0000000
707,8213620	1,7516312	1988,0000000
707,8658240	1,7515212	2040,0000000
707,9102860	1,7514112	2172,0000000
707,9547480	1,7513012	2173,0000000
707,9992100	1,7511912	2237,0000000
708,0436720	1,7510812	2282,0000000
708,0881340	1,7509713	2406,0000000
708,1325960	1,7508613	2411,0000000
708,1770580	1,7507514	2404,0000000
708,2215200	1,7506415	2408,0000000
708,2659820	1,7505316	2571,0000000
708,3104440	1,7504217	2617,0000000
708,3549060	1,7503118	2532,0000000
708,3993680	1,7502020	2392,0000000
708,4438300	1,7500921	2500,0000000
708,4882920	1,7499823	2625,0000000
708,5327540	1,7498725	2582,0000000
708,5772160	1,7497627	2456,0000000
708,6216780	1,7496529	2508,0000000
708,6661400	1,7495431	2507,0000000
708,7106020	1,7494334	2461,0000000
708,7550640	1,7493236	2561,0000000
708,7995260	1,7492139	2389,0000000
708,8439880	1,7491042	2397,0000000
708,8884500	1,7489945	2308,0000000
708,9329120	1,7488848	2309,0000000
708,9773740	1,7487751	2256,0000000
709,0218360	1,7486654	2323,0000000
709,0662980	1,7485558	2322,0000000
709,1107600	1,7484461	2333,0000000
709,1552220	1,7483365	2350,0000000
709,1996840	1,7482269	2374,0000000
709,2441460	1,7481173	2309,0000000
709,2886080	1,7480077	2156,0000000
709,3330700	1,7478982	2193,0000000
709,3775320	1,7477886	2183,0000000
709,4219940	1,7476791	2284,0000000
709,4664560	1,7475695	2042,0000000
709,5109180	1,7474600	2036,0000000
709,5553800	1,7473505	1960,0000000
709,5998420	1,7472410	2043,0000000
709,6443040	1,7471316	1934,0000000
709,6887660	1,7470221	1826,0000000
709,7332280	1,7469127	1751,0000000
709,7776900	1,7468032	1739,0000000
709,8221520	1,7466938	1724,0000000
709,8666140	1,7465844	1684,0000000
709,9110760	1,7464750	1616,0000000
709,9555380	1,7463657	1613,0000000
710,0000000	1,7462563	1556,0000000
710,0444620	1,7461469	1610,0000000
710,0889240	1,7460376	1457,0000000
710,1333860	1,7459283	1411,0000000
710,1778480	1,7458190	1385,0000000
710,2223100	1,7457097	1336,0000000
710,2667720	1,7456004	1300,0000000
710,3112340	1,7454911	1304,0000000
710,3556960	1,7453819	1210,0000000
710,4001580	1,7452727	1221,0000000
710,4446200	1,7451634	1163,0000000
710,4890820	1,7450542	1135,0000000
710,5335440	1,7449450	1119,0000000
710,5780060	1,7448358	1131,0000000
710,6224680	1,7447267	1111,0000000
710,6669300	1,7446175	996,0000000
710,7113920	1,7445084	963,0000000
710,7558540	1,7443992	951,0000000
710,8003160	1,7442901	888,0000000
710,8447780	1,7441810	895,0000000
710,8892400	1,7440719	868,0000000
710,9337020	1,7439629	800,0000000
710,9781640	1,7438538	854,0000000
711,0226260	1,7437447	817,0000000
711,0670880	1,7436357	769,0000000
711,1115500	1,7435267	782,0000000
711,1560120	1,7434177	745,0000000
711,2004740	1,7433087	724,0000000
711,2449360	1,7431997	658,0000000
711,2893980	1,7430907	706,0000000
711,3338600	1,7429818	714,0000000
711,3783220	1,7428729	684,0000000
711,4227840	1,7427639	632,0000000
711,4672460	1,7426550	578,0000000
711,5117080	1,7425461	613,0000000
711,5561700	1,7424372	531,0000000
711,6006320	1,7423284	522,0000000
711,6450940	1,7422195	498,0000000
711,6895560	1,7421107	509,0000000
711,7340180	1,7420018	487,0000000
711,7784800	1,7418930	482,0000000
711,8229420	1,7417842	513,0000000
711,8674040	1,7416754	483,0000000
711,9118660	1,7415667	422,0000000
711,9563280	1,7414579	418,0000000
712,0007900	1,7413491	412,0000000
712,0452520	1,7412404	376,0000000
712,0897140	1,7411317	397,0000000
712,1341760	1,7410230	398,0000000
712,1786380	1,7409143	381,0000000
712,2231000	1,7408056	343,0000000
712,2675620	1,7406969	343,0000000
712,3120240	1,7405883	342,0000000
712,3564860	1,7404797	344,0000000
712,4009480	1,7403710	298,0000000
712,4454100	1,7402624	322,0000000
712,4898720	1,7401538	307,0000000
712,5343340	1,7400452	298,0000000
712,5787960	1,7399367	269,0000000
712,6232580	1,7398281	282,0000000
712,6677200	1,7397196	284,0000000
712,7121820	1,7396110	274,0000000
712,7566440	1,7395025	258,0000000
712,8011060	1,7393940	254,0000000
712,8455680	1,7392855	262,0000000
712,8900300	1,7391770	243,0000000
712,9344920	1,7390686	244,0000000
712,9789540	1,7389601	227,0000000
713,0234160	1,7388517	224,0000000
713,0678780	1,7387433	222,0000000
713,1123400	1,7386349	216,0000000
713,1568020	1,7385265	225,0000000
713,2012640	1,7384181	213,0000000
713,2457260	1,7383097	213,0000000
713,2901880	1,7382014	211,0000000
713,3346500	1,7380930	210,0000000
713,3791120	1,7379847	209,0000000
713,4235740	1,7378764	195,0000000
713,4680360	1,7377681	193,0000000
713,5124980	1,7376598	180,0000000
713,5569600	1,7375515	185,0000000
713,6014220	1,7374432	175,0000000
713,6458840	1,7373350	192,0000000
713,6903460	1,7372268	179,0000000
713,7348080	1,7371185	186,0000000
713,7792700	1,7370103	164,0000000
713,8237320	1,7369021	167,0000000
713,8681940	1,7367940	160,0000000
713,9126560	1,7366858	160,0000000
713,9571180	1,7365776	167,0000000
714,0015800	1,7364695	179,0000000
714,0460420	1,7363614	191,0000000
714,0905040	1,7362533	166,0000000
714,1349660	1,7361452	179,0000000
714,1794280	1,7360371	177,0000000
714,2238900	1,7359290	164,0000000
714,2683520	1,7358210	156,0000000
714,3128140	1,7357129	174,0000000
714,3572760	1,7356049	156,0000000
714,4017380	1,7354969	152,0000000
714,4462000	1,7353889	159,0000000
714,4906620	1,7352809	155,0000000
714,5351240	1,7351729	174,0000000
714,5795860	1,7350649	171,0000000
714,6240480	1,7349570	167,0000000
714,6685100	1,7348490	154,0000000
714,7129720	1,7347411	164,0000000
714,7574340	1,7346332	156,0000000
714,8018960	1,7345253	156,0000000
714,8463580	1,7344174	149,0000000
714,8908200	1,7343095	153,0000000
714,9352820	1,7342017	167,0000000
714,9797440	1,7340938	163,0000000
715,0242060	1,7339860	160,0000000
715,0686680	1,7338782	148,0000000
715,1131300	1,7337704	143,0000000
715,1575920	1,7336626	160,0000000
715,2020540	1,7335548	146,0000000
715,2465160	1,7334471	148,0000000
715,2909780	1,7333393	150,0000000
715,3354400	1,7332316	145,0000000
715,3799020	1,7331239	148,0000000
715,4243640	1,7330161	148,0000000
715,4688260	1,7329084	145,0000000
715,5132880	1,7328008	143,0000000
715,5577500	1,7326931	143,0000000
715,6022120	1,7325854	148,0000000
715,6466740	1,7324778	146,0000000
715,6911360	1,7323702	150,0000000
715,7355980	1,7322625	147,0000000
715,7800600	1,7321549	146,0000000
715,8245220	1,7320474	156,0000000
715,8689840	1,7319398	150,0000000
715,9134460	1,7318322	157,0000000
715,9579080	1,7317247	141,0000000
716,0023700	1,7316171	156,0000000
716,0468320	1,7315096	155,0000000
716,0912940	1,7314021	143,0000000
716,1357560	1,7312946	152,0000000
716,1802180	1,7311871	154,0000000
716,2246800	1,7310797	154,0000000
716,2691420	1,7309722	150,0000000
716,3136040	1,7308648	152,0000000
716,3580660	1,7307573	147,0000000
716,4025280	1,7306499	137,0000000
716,4469900	1,7305425	134,0000000
716,4914520	1,7304351	151,0000000
716,5359140	1,7303277	147,0000000
716,5803760	1,7302204	152,0000000
716,6248380	1,7301130	138,0000000
716,6693000	1,7300057	140,0000000
716,7137620	1,7298984	153,0000000
716,7582240	1,7297911	146,0000000
716,8026860	1,7296838	140,0000000
716,8471480	1,7295765	143,0000000
716,8916100	1,7294692	140,0000000
716,9360720	1,7293620	141,0000000
716,9805340	1,7292547	140,0000000
717,0249960	1,7291475	139,0000000
717,0694580	1,7290403	140,0000000
717,1139200	1,7289331	134,0000000
717,1583820	1,7288259	150,0000000
717,2028440	1,7287187	144,0000000
717,2473060	1,7286115	143,0000000
717,2917680	1,7285044	145,0000000
717,3362300	1,7283973	146,0000000
717,3806920	1,7282901	142,0000000
717,4251540	1,7281830	151,0000000
717,4696160	1,7280759	140,0000000
717,5140780	1,7279688	139,0000000
717,5585400	1,7278618	144,0000000
717,6030020	1,7277547	128,0000000
717,6474640	1,7276477	147,0000000
717,6919260	1,7275406	150,0000000
717,7363880	1,7274336	131,0000000
717,7808500	1,7273266	133,0000000
717,8253120	1,7272196	133,0000000
717,8697740	1,7271127	147,0000000
717,9142360	1,7270057	135,0000000
717,9586980	1,7268987	136,0000000
718,0031600	1,7267918	139,0000000
718,0476220	1,7266849	140,0000000
718,0920840	1,7265780	145,0000000
718,1365460	1,7264711	143,0000000
718,1810080	1,7263642	151,0000000
718,2254700	1,7262573	130,0000000
718,2699320	1,7261505	144,0000000
718,3143940	1,7260436	132,0000000
718,3588560	1,7259368	131,0000000
718,4033180	1,7258300	140,0000000
718,4477800	1,7257232	144,0000000
718,4922420	1,7256164	133,0000000
718,5367040	1,7255096	150,0000000
718,5811660	1,7254028	156,0000000
718,6256280	1,7252961	152,0000000
718,6700900	1,7251893	141,0000000
718,7145520	1,7250826	137,0000000
718,7590140	1,7249759	130,0000000
718,8034760	1,7248692	146,0000000
718,8479380	1,7247625	149,0000000
718,8924000	1,7246558	143,0000000
718,9368620	1,7245492	140,0000000
718,9813240	1,7244425	133,0000000
719,0257860	1,7243359	138,0000000
719,0702480	1,7242293	147,0000000
719,1147100	1,7241227	144,0000000
719,1591720	1,7240161	141,0000000
719,2036340	1,7239095	134,0000000
719,2480960	1,7238029	141,0000000
719,2925580	1,7236964	131,0000000
719,3370200	1,7235898	137,0000000
719,3814820	1,7234833	139,0000000
719,4259440	1,7233768	144,0000000
719,4704060	1,7232703	137,0000000
719,5148680	1,7231638	134,0000000
719,5593300	1,7230573	138,0000000
719,6037920	1,7229509	145,0000000
719,6482540	1,7228444	151,0000000
719,6927160	1,7227380	149,0000000
719,7371780	1,7226315	128,0000000
719,7816400	1,7225251	144,0000000
719,8261020	1,7224187	142,0000000
719,8705640	1,7223124	126,0000000
719,9150260	1,7222060	146,0000000
719,9594880	1,7220996	144,0000000
720,0039500	1,7219933	144,0000000
720,0484120	1,7218870	135,0000000
720,0928740	1,7217806	137,0000000
720,1373360	1,7216743	145,0000000
720,1817980	1,7215680	139,0000000
720,2262600	1,7214618	144,0000000
720,2707220	1,7213555	147,0000000
720,3151840	1,7212492	143,0000000
720,3596460	1,7211430	151,0000000
720,4041080	1,7210368	135,0000000
720,4485700	1,7209306	132,0000000
720,4930320	1,7208244	143,0000000
720,5374940	1,7207182	142,0000000
720,5819560	1,7206120	152,0000000
720,6264180	1,7205059	158,0000000
720,6708800	1,7203997	139,0000000
720,7153420	1,7202936	133,0000000
720,7598040	1,7201875	144,0000000
720,8042660	1,7200813	136,0000000
720,8487280	1,7199752	142,0000000
720,8931900	1,7198692	135,0000000
720,9376520	1,7197631	141,0000000
720,9821140	1,7196570	142,0000000
721,0265760	1,7195510	144,0000000
721,0710380	1,7194450	142,0000000
721,1155000	1,7193390	125,0000000
721,1599620	1,7192330	137,0000000
721,2044240	1,7191270	149,0000000
721,2488860	1,7190210	146,0000000
721,2933480	1,7189150	143,0000000
721,3378100	1,7188091	140,0000000
721,3822720	1,7187031	130,0000000
721,4267340	1,7185972	138,0000000
721,4711960	1,7184913	136,0000000
721,5156580	1,7183854	148,0000000
721,5601200	1,7182795	143,0000000
721,6045820	1,7181736	147,0000000
721,6490440	1,7180678	137,0000000
721,6935060	1,7179619	135,0000000
721,7379680	1,7178561	134,0000000
721,7824300	1,7177503	133,0000000
721,8268920	1,7176445	135,0000000
721,8713540	1,7175387	146,0000000
721,9158160	1,7174329	137,0000000
721,9602780	1,7173271	142,0000000
722,0047400	1,7172214	140,0000000
722,0492020	1,7171156	143,0000000
722,0936640	1,7170099	136,0000000
722,1381260	1,7169042	130,0000000
722,1825880	1,7167985	150,0000000
722,2270500	1,7166928	141,0000000
722,2715120	1,7165871	140,0000000
722,3159740	1,7164814	150,0000000
722,3604360	1,7163758	141,0000000
722,4048980	1,7162702	143,0000000
722,4493600	1,7161645	144,0000000
722,4938220	1,7160589	147,0000000
722,5382840	1,7159533	140,0000000
722,5827460	1,7158477	150,0000000
722,6272080	1,7157422	136,0000000
722,6716700	1,7156366	139,0000000
722,7161320	1,7155311	145,0000000
722,7605940	1,7154255	137,0000000
722,8050560	1,7153200	150,0000000
722,8495180	1,7152145	142,0000000
722,8939800	1,7151090	151,0000000
722,9384420	1,7150035	139,0000000
722,9829040	1,7148980	140,0000000
723,0273660	1,7147926	135,0000000
723,0718280	1,7146871	140,0000000
723,1162900	1,7145817	137,0000000
723,1607520	1,7144763	132,0000000
723,2052140	1,7143709	138,0000000
723,2496760	1,7142655	141,0000000
723,2941380	1,7141601	139,0000000
723,3386000	1,7140548	144,0000000
723,3830620	1,7139494	137,0000000
723,4275240	1,7138441	130,0000000
723,4719860	1,7137387	144,0000000
723,5164480	1,7136334	149,0000000
723,5609100	1,7135281	144,0000000
723,6053720	1,7134228	132,0000000
723,6498340	1,7133176	143,0000000
723,6942960	1,7132123	140,0000000
723,7387580	1,7131071	138,0000000
723,7832200	1,7130018	139,0000000
723,8276820	1,7128966	149,0000000
723,8721440	1,7127914	155,0000000
723,9166060	1,7126862	137,0000000
723,9610680	1,7125810	139,0000000
724,0055300	1,7124758	150,0000000
724,0499920	1,7123707	146,0000000
724,0944540	1,7122655	141,0000000
724,1389160	1,7121604	133,0000000
724,1833780	1,7120553	138,0000000
724,2278400	1,7119502	136,0000000
724,2723020	1,7118451	146,0000000
724,3167640	1,7117400	145,0000000
724,3612260	1,7116349	149,0000000
724,4056880	1,7115299	144,0000000
724,4501500	1,7114248	150,0000000
724,4946120	1,7113198	152,0000000
724,5390740	1,7112148	143,0000000
724,5835360	1,7111098	148,0000000
724,6279980	1,7110048	142,0000000
724,6724600	1,7108998	151,0000000
724,7169220	1,7107948	144,0000000
724,7613840	1,7106899	144,0000000
724,8058460	1,7105849	147,0000000
724,8503080	1,7104800	145,0000000
724,8947700	1,7103751	136,0000000
724,9392320	1,7102702	143,0000000
724,9836940	1,7101653	148,0000000
725,0281560	1,7100604	149,0000000
725,0726180	1,7099556	151,0000000
725,1170800	1,7098507	140,0000000
725,1615420	1,7097459	175,0000000
725,2060040	1,7096411	142,0000000
725,2504660	1,7095363	145,0000000
725,2949280	1,7094315	150,0000000
725,3393900	1,7093267	148,0000000
725,3838520	1,7092219	155,0000000
725,4283140	1,7091171	146,0000000
725,4727760	1,7090124	140,0000000
725,5172380	1,7089077	149,0000000
725,5617000	1,7088029	147,0000000
725,6061620	1,7086982	141,0000000
725,6506240	1,7085935	141,0000000
725,6950860	1,7084889	147,0000000
725,7395480	1,7083842	162,0000000
725,7840100	1,7082795	151,0000000
725,8284720	1,7081749	141,0000000
725,8729340	1,7080703	151,0000000
725,9173960	1,7079656	140,0000000
725,9618580	1,7078610	156,0000000
726,0063200	1,7077564	144,0000000
726,0507820	1,7076519	159,0000000
726,0952440	1,7075473	154,0000000
726,1397060	1,7074427	150,0000000
726,1841680	1,7073382	153,0000000
726,2286300	1,7072337	156,0000000
726,2730920	1,7071292	136,0000000
726,3175540	1,7070247	147,0000000
726,3620160	1,7069202	155,0000000
726,4064780	1,7068157	151,0000000
726,4509400	1,7067112	163,0000000
726,4954020	1,7066068	160,0000000
726,5398640	1,7065023	147,0000000
726,5843260	1,7063979	150,0000000
726,6287880	1,7062935	155,0000000
726,6732500	1,7061891	152,0000000
726,7177120	1,7060847	142,0000000
726,7621740	1,7059803	148,0000000
726,8066360	1,7058760	161,0000000
726,8510980	1,7057716	149,0000000
726,8955600	1,7056673	169,0000000
726,9400220	1,7055630	157,0000000
726,9844840	1,7054586	155,0000000
727,0289460	1,7053543	164,0000000
727,0734080	1,7052501	149,0000000
727,1178700	1,7051458	144,0000000
727,1623320	1,7050415	141,0000000
727,2067940	1,7049373	155,0000000
727,2512560	1,7048330	161,0000000
727,2957180	1,7047288	165,0000000
727,3401800	1,7046246	146,0000000
727,3846420	1,7045204	150,0000000
727,4291040	1,7044162	146,0000000
727,4735660	1,7043121	142,0000000
727,5180280	1,7042079	155,0000000
727,5624900	1,7041038	168,0000000
727,6069520	1,7039996	151,0000000
727,6514140	1,7038955	161,0000000
727,6958760	1,7037914	166,0000000
727,7403380	1,7036873	159,0000000
727,7848000	1,7035832	159,0000000
727,8292620	1,7034791	144,0000000
727,8737240	1,7033751	149,0000000
727,9181860	1,7032710	155,0000000
727,9626480	1,7031670	156,0000000
728,0071100	1,7030630	168,0000000
728,0515720	1,7029590	157,0000000
728,0960340	1,7028550	151,0000000
728,1404960	1,7027510	154,0000000
728,1849580	1,7026470	153,0000000
728,2294200	1,7025431	167,0000000
728,2738820	1,7024392	155,0000000
728,3183440	1,7023352	150,0000000
728,3628060	1,7022313	158,0000000
728,4072680	1,7021274	152,0000000
728,4517300	1,7020235	160,0000000
728,4961920	1,7019196	155,0000000
728,5406540	1,7018158	161,0000000
728,5851160	1,7017119	167,0000000
728,6295780	1,7016081	174,0000000
728,6740400	1,7015042	167,0000000
728,7185020	1,7014004	156,0000000
728,7629640	1,7012966	176,0000000
728,8074260	1,7011928	168,0000000
728,8518880	1,7010891	180,0000000
728,8963500	1,7009853	177,0000000
728,9408120	1,7008815	188,0000000
728,9852740	1,7007778	186,0000000
729,0297360	1,7006741	189,0000000
729,0741980	1,7005704	180,0000000
729,1186600	1,7004667	190,0000000
729,1631220	1,7003630	193,0000000
729,2075840	1,7002593	196,0000000
729,2520460	1,7001556	185,0000000
729,2965080	1,7000520	206,0000000
729,3409700	1,6999483	195,0000000
729,3854320	1,6998447	188,0000000
729,4298940	1,6997411	198,0000000
729,4743560	1,6996375	207,0000000
729,5188180	1,6995339	195,0000000
729,5632800	1,6994303	212,0000000
729,6077420	1,6993268	225,0000000
729,6522040	1,6992232	223,0000000
729,6966660	1,6991197	209,0000000
729,7411280	1,6990162	196,0000000
729,7855900	1,6989126	210,0000000
729,8300520	1,6988091	217,0000000
729,8745140	1,6987057	203,0000000
729,9189760	1,6986022	204,0000000
729,9634380	1,6984987	197,0000000
730,0079000	1,6983953	208,0000000
730,0523620	1,6982918	200,0000000
730,0968240	1,6981884	208,0000000
730,1412860	1,6980850	211,0000000
730,1857480	1,6979816	208,0000000
730,2302100	1,6978782	199,0000000
730,2746720	1,6977748	207,0000000
730,3191340	1,6976715	211,0000000
730,3635960	1,6975681	202,0000000
730,4080580	1,6974648	187,0000000
730,4525200	1,6973615	181,0000000
730,4969820	1,6972582	191,0000000
730,5414440	1,6971549	192,0000000
730,5859060	1,6970516	176,0000000
730,6303680	1,6969483	208,0000000
730,6748300	1,6968451	213,0000000
730,7192920	1,6967418	209,0000000
730,7637540	1,6966386	191,0000000
730,8082160	1,6965353	199,0000000
730,8526780	1,6964321	191,0000000
730,8971400	1,6963289	198,0000000
730,9416020	1,6962258	180,0000000
730,9860640	1,6961226	194,0000000
731,0305260	1,6960194	176,0000000
731,0749880	1,6959163	183,0000000
731,1194500	1,6958131	184,0000000
731,1639120	1,6957100	173,0000000
731,2083740	1,6956069	153,0000000
731,2528360	1,6955038	169,0000000
731,2972980	1,6954007	167,0000000
731,3417600	1,6952977	179,0000000
731,3862220	1,6951946	160,0000000
731,4306840	1,6950915	179,0000000
731,4751460	1,6949885	162,0000000
731,5196080	1,6948855	166,0000000
731,5640700	1,6947825	180,0000000
731,6085320	1,6946795	167,0000000
731,6529940	1,6945765	181,0000000
731,6974560	1,6944735	159,0000000
731,7419180	1,6943706	173,0000000
731,7863800	1,6942676	174,0000000
731,8308420	1,6941647	170,0000000
731,8753040	1,6940618	156,0000000
731,9197660	1,6939589	155,0000000
731,9642280	1,6938560	163,0000000
732,0086900	1,6937531	170,0000000
732,0531520	1,6936502	171,0000000
732,0976140	1,6935473	158,0000000
732,1420760	1,6934445	151,0000000
732,1865380	1,6933417	159,0000000
732,2310000	1,6932388	152,0000000
732,2754620	1,6931360	163,0000000
732,3199240	1,6930332	167,0000000
732,3643860	1,6929305	160,0000000
732,4088480	1,6928277	151,0000000
732,4533100	1,6927249	148,0000000
732,4977720	1,6926222	147,0000000
732,5422340	1,6925194	153,0000000
732,5866960	1,6924167	148,0000000
732,6311580	1,6923140	155,0000000
732,6756200	1,6922113	151,0000000
732,7200820	1,6921086	150,0000000
732,7645440	1,6920060	166,0000000
732,8090060	1,6919033	151,0000000
732,8534680	1,6918006	153,0000000
732,8979300	1,6916980	157,0000000
732,9423920	1,6915954	150,0000000
732,9868540	1,6914928	159,0000000
733,0313160	1,6913902	143,0000000
733,0757780	1,6912876	149,0000000
733,1202400	1,6911850	146,0000000
733,1647020	1,6910825	139,0000000
733,2091640	1,6909799	140,0000000
733,2536260	1,6908774	145,0000000
733,2980880	1,6907749	158,0000000
733,3425500	1,6906723	155,0000000
733,3870120	1,6905698	153,0000000
733,4314740	1,6904674	143,0000000
733,4759360	1,6903649	147,0000000
733,5203980	1,6902624	149,0000000
733,5648600	1,6901600	146,0000000
733,6093220	1,6900575	154,0000000
733,6537840	1,6899551	141,0000000
733,6982460	1,6898527	148,0000000
733,7427080	1,6897503	155,0000000
733,7871700	1,6896479	143,0000000
733,8316320	1,6895456	149,0000000
733,8760940	1,6894432	146,0000000
733,9205560	1,6893408	150,0000000
733,9650180	1,6892385	149,0000000
734,0094800	1,6891362	135,0000000
734,0539420	1,6890339	148,0000000
734,0984040	1,6889316	141,0000000
734,1428660	1,6888293	166,0000000
734,1873280	1,6887270	152,0000000
734,2317900	1,6886247	158,0000000
734,2762520	1,6885225	146,0000000
734,3207140	1,6884203	154,0000000
734,3651760	1,6883180	145,0000000
734,4096380	1,6882158	127,0000000
734,4541000	1,6881136	137,0000000
734,4985620	1,6880114	146,0000000
734,5430240	1,6879093	138,0000000
734,5874860	1,6878071	142,0000000
734,6319480	1,6877049	150,0000000
734,6764100	1,6876028	135,0000000
734,7208720	1,6875007	142,0000000
734,7653340	1,6873986	149,0000000
734,8097960	1,6872965	143,0000000
734,8542580	1,6871944	157,0000000
734,8987200	1,6870923	138,0000000
734,9431820	1,6869902	143,0000000
734,9876440	1,6868882	134,0000000
735,0321060	1,6867861	145,0000000
735,0765680	1,6866841	143,0000000
735,1210300	1,6865821	146,0000000
735,1654920	1,6864801	139,0000000
735,2099540	1,6863781	140,0000000
735,2544160	1,6862761	152,0000000
735,2988780	1,6861742	145,0000000
735,3433400	1,6860722	137,0000000
735,3878020	1,6859703	145,0000000
735,4322640	1,6858683	141,0000000
735,4767260	1,6857664	151,0000000
735,5211880	1,6856645	148,0000000
735,5656500	1,6855626	156,0000000
735,6101120	1,6854607	139,0000000
735,6545740	1,6853589	145,0000000
735,6990360	1,6852570	136,0000000
735,7434980	1,6851552	140,0000000
735,7879600	1,6850534	138,0000000
735,8324220	1,6849515	134,0000000
735,8768840	1,6848497	145,0000000
735,9213460	1,6847479	147,0000000
735,9658080	1,6846462	141,0000000
736,0102700	1,6845444	142,0000000
736,0547320	1,6844426	138,0000000
736,0991940	1,6843409	148,0000000
736,1436560	1,6842392	144,0000000
736,1881180	1,6841374	144,0000000
736,2325800	1,6840357	141,0000000
736,2770420	1,6839340	144,0000000
736,3215040	1,6838324	149,0000000
736,3659660	1,6837307	137,0000000
736,4104280	1,6836290	143,0000000
736,4548900	1,6835274	145,0000000
736,4993520	1,6834257	145,0000000
736,5438140	1,6833241	136,0000000
736,5882760	1,6832225	135,0000000
736,6327380	1,6831209	137,0000000
736,6772000	1,6830193	130,0000000
736,7216620	1,6829178	142,0000000
736,7661240	1,6828162	135,0000000
736,8105860	1,6827147	143,0000000
736,8550480	1,6826131	146,0000000
736,8995100	1,6825116	143,0000000
736,9439720	1,6824101	148,0000000
736,9884340	1,6823086	137,0000000
737,0328960	1,6822071	152,0000000
737,0773580	1,6821056	138,0000000
737,1218200	1,6820042	146,0000000
737,1662820	1,6819027	147,0000000
737,2107440	1,6818013	138,0000000
737,2552060	1,6816999	152,0000000
737,2996680	1,6815984	151,0000000
737,3441300	1,6814970	145,0000000
737,3885920	1,6813956	139,0000000
737,4330540	1,6812943	140,0000000
737,4775160	1,6811929	149,0000000
737,5219780	1,6810916	143,0000000
737,5664400	1,6809902	145,0000000
737,6109020	1,6808889	145,0000000
737,6553640	1,6807876	154,0000000
737,6998260	1,6806863	143,0000000
737,7442880	1,6805850	162,0000000
737,7887500	1,6804837	144,0000000
737,8332120	1,6803824	135,0000000
737,8776740	1,6802812	137,0000000
737,9221360	1,6801799	142,0000000
737,9665980	1,6800787	141,0000000
738,0110600	1,6799775	130,0000000
738,0555220	1,6798763	148,0000000
738,0999840	1,6797751	141,0000000
738,1444460	1,6796739	165,0000000
738,1889080	1,6795727	145,0000000
738,2333700	1,6794716	146,0000000
738,2778320	1,6793704	148,0000000
738,3222940	1,6792693	149,0000000
738,3667560	1,6791682	144,0000000
738,4112180	1,6790671	167,0000000
738,4556800	1,6789660	152,0000000
738,5001420	1,6788649	165,0000000
738,5446040	1,6787638	164,0000000
738,5890660	1,6786628	161,0000000
738,6335280	1,6785617	178,0000000
738,6779900	1,6784607	163,0000000
738,7224520	1,6783597	170,0000000
738,7669140	1,6782587	175,0000000
738,8113760	1,6781577	178,0000000
738,8558380	1,6780567	170,0000000
738,9003000	1,6779557	176,0000000
738,9447620	1,6778547	180,0000000
738,9892240	1,6777538	170,0000000
739,0336860	1,6776529	167,0000000
739,0781480	1,6775519	173,0000000
739,1226100	1,6774510	180,0000000
739,1670720	1,6773501	189,0000000
739,2115340	1,6772492	178,0000000
739,2559960	1,6771483	191,0000000
739,3004580	1,6770475	177,0000000
739,3449200	1,6769466	180,0000000
739,3893820	1,6768458	182,0000000
739,4338440	1,6767450	185,0000000
739,4783060	1,6766441	179,0000000
739,5227680	1,6765433	172,0000000
739,5672300	1,6764425	164,0000000
739,6116920	1,6763418	177,0000000
739,6561540	1,6762410	184,0000000
739,7006160	1,6761402	185,0000000
739,4000000	1,7462563	175,0000000
