730,2104600	1,6979241	115,0000000
730,2549220	1,6978208	121,0000000
730,2993840	1,6977174	118,0000000
730,3438460	1,6976140	119,0000000
730,3883080	1,6975107	116,0000000
730,4327700	1,6974074	108,0000000
730,4772320	1,6973041	111,0000000
730,5216940	1,6972008	111,0000000
730,5661560	1,6970975	113,0000000
730,6106180	1,6969942	113,0000000
730,6550800	1,6968909	117,0000000
730,6995420	1,6967877	119,0000000
730,7440040	1,6966844	110,0000000
730,7884660	1,6965812	117,0000000
730,8329280	1,6964780	114,0000000
730,8773900	1,6963748	117,0000000
730,9218520	1,6962716	110,0000000
730,9663140	1,6961684	115,0000000
731,0107760	1,6960652	117,0000000
731,0552380	1,6959621	113,0000000
731,0997000	1,6958590	119,0000000
731,1441620	1,6957558	114,0000000
731,1886240	1,6956527	111,0000000
731,2330860	1,6955496	118,0000000
731,2775480	1,6954465	120,0000000
731,3220100	1,6953434	117,0000000
731,3664720	1,6952404	108,0000000
731,4109340	1,6951373	114,0000000
731,4553960	1,6950343	118,0000000
731,4998580	1,6949313	118,0000000
731,5443200	1,6948282	121,0000000
731,5887820	1,6947252	120,0000000
731,6332440	1,6946222	119,0000000
731,6777060	1,6945193	119,0000000
731,7221680	1,6944163	120,0000000
731,7666300	1,6943133	132,0000000
731,8110920	1,6942104	125,0000000
731,8555540	1,6941075	119,0000000
731,9000160	1,6940046	117,0000000
731,9444780	1,6939017	114,0000000
731,9889400	1,6937988	122,0000000
732,0334020	1,6936959	119,0000000
732,0778640	1,6935930	125,0000000
732,1223260	1,6934902	116,0000000
732,1667880	1,6933873	111,0000000
732,2112500	1,6932845	113,0000000
732,2557120	1,6931817	108,0000000
732,3001740	1,6930789	118,0000000
732,3446360	1,6929761	114,0000000
732,3890980	1,6928733	120,0000000
732,4335600	1,6927706	121,0000000
732,4780220	1,6926678	121,0000000
732,5224840	1,6925651	119,0000000
732,5669460	1,6924623	115,0000000
732,6114080	1,6923596	117,0000000
732,6558700	1,6922569	111,0000000
732,7003320	1,6921542	114,0000000
732,7447940	1,6920516	113,0000000
732,7892560	1,6919489	115,0000000
732,8337180	1,6918462	119,0000000
732,8781800	1,6917436	113,0000000
732,9226420	1,6916410	115,0000000
732,9671040	1,6915384	118,0000000
733,0115660	1,6914358	114,0000000
733,0560280	1,6913332	120,0000000
733,1004900	1,6912306	118,0000000
733,1449520	1,6911280	123,0000000
733,1894140	1,6910255	118,0000000
733,2338760	1,6909229	124,0000000
733,2783380	1,6908204	118,0000000
733,3228000	1,6907179	119,0000000
733,3672620	1,6906154	118,0000000
733,4117240	1,6905129	120,0000000
733,4561860	1,6904104	117,0000000
733,5006480	1,6903079	116,0000000
733,5451100	1,6902055	119,0000000
733,5895720	1,6901030	121,0000000
733,6340340	1,6900006	114,0000000
733,6784960	1,6898982	126,0000000
733,7229580	1,6897958	125,0000000
733,7674200	1,6896934	122,0000000
733,8118820	1,6895910	119,0000000
733,8563440	1,6894887	116,0000000
733,9008060	1,6893863	116,0000000
733,9452680	1,6892840	115,0000000
733,9897300	1,6891816	116,0000000
734,0341920	1,6890793	121,0000000
734,0786540	1,6889770	119,0000000
734,1231160	1,6888747	122,0000000
734,1675780	1,6887724	124,0000000
734,2120400	1,6886702	120,0000000
734,2565020	1,6885679	114,0000000
734,3009640	1,6884657	113,0000000
734,3454260	1,6883634	114,0000000
734,3898880	1,6882612	112,0000000
734,4343500	1,6881590	115,0000000
734,4788120	1,6880568	120,0000000
734,5232740	1,6879546	125,0000000
734,5677360	1,6878525	114,0000000
734,6121980	1,6877503	122,0000000
734,6566600	1,6876482	113,0000000
734,7011220	1,6875460	117,0000000
734,7455840	1,6874439	119,0000000
734,7900460	1,6873418	114,0000000
734,8345080	1,6872397	113,0000000
734,8789700	1,6871376	114,0000000
734,9234320	1,6870356	117,0000000
734,9678940	1,6869335	116,0000000
735,0123560	1,6868315	117,0000000
735,0568180	1,6867294	110,0000000
735,1012800	1,6866274	114,0000000
735,1457420	1,6865254	116,0000000
735,1902040	1,6864234	120,0000000
735,2346660	1,6863214	109,0000000
735,2791280	1,6862195	112,0000000
735,3235900	1,6861175	118,0000000
735,3680520	1,6860155	117,0000000
735,4125140	1,6859136	118,0000000
735,4569760	1,6858117	119,0000000
735,5014380	1,6857098	120,0000000
735,5459000	1,6856079	116,0000000
735,5903620	1,6855060	113,0000000
735,6348240	1,6854041	119,0000000
735,6792860	1,6853023	114,0000000
735,7237480	1,6852004	125,0000000
735,7682100	1,6850986	118,0000000
735,8126720	1,6849968	116,0000000
735,8571340	1,6848950	122,0000000
735,9015960	1,6847932	127,0000000
735,9460580	1,6846914	117,0000000
735,9905200	1,6845896	121,0000000
736,0349820	1,6844878	122,0000000
736,0794440	1,6843861	120,0000000
736,1239060	1,6842843	119,0000000
736,1683680	1,6841826	118,0000000
736,2128300	1,6840809	116,0000000
736,2572920	1,6839792	118,0000000
736,3017540	1,6838775	116,0000000
736,3462160	1,6837758	124,0000000
736,3906780	1,6836742	114,0000000
736,4351400	1,6835725	120,0000000
736,4796020	1,6834709	120,0000000
736,5240640	1,6833693	118,0000000
736,5685260	1,6832676	120,0000000
736,6129880	1,6831660	121,0000000
736,6574500	1,6830645	119,0000000
736,7019120	1,6829629	118,0000000
736,7463740	1,6828613	129,0000000
736,7908360	1,6827598	123,0000000
736,8352980	1,6826582	119,0000000
736,8797600	1,6825567	128,0000000
736,9242220	1,6824552	125,0000000
736,9686840	1,6823537	115,0000000
737,0131460	1,6822522	116,0000000
737,0576080	1,6821507	120,0000000
737,1020700	1,6820492	113,0000000
737,1465320	1,6819478	119,0000000
737,1909940	1,6818463	113,0000000
737,2354560	1,6817449	113,0000000
737,2799180	1,6816435	118,0000000
737,3243800	1,6815421	115,0000000
737,3688420	1,6814407	119,0000000
737,4133040	1,6813393	119,0000000
737,4577660	1,6812379	120,0000000
737,5022280	1,6811366	122,0000000
737,5466900	1,6810352	123,0000000
737,5911520	1,6809339	119,0000000
737,6356140	1,6808326	122,0000000
737,6800760	1,6807313	115,0000000
737,7245380	1,6806300	115,0000000
737,7690000	1,6805287	122,0000000
737,8134620	1,6804274	112,0000000
737,8579240	1,6803262	117,0000000
737,9023860	1,6802249	122,0000000
737,9468480	1,6801237	114,0000000
737,9913100	1,6800225	113,0000000
738,0357720	1,6799212	119,0000000
738,0802340	1,6798200	125,0000000
738,1246960	1,6797189	119,0000000
738,1691580	1,6796177	120,0000000
738,2136200	1,6795165	118,0000000
738,2580820	1,6794154	123,0000000
738,3025440	1,6793142	120,0000000
738,3470060	1,6792131	123,0000000
738,3914680	1,6791120	121,0000000
738,4359300	1,6790109	112,0000000
738,4803920	1,6789098	116,0000000
738,5248540	1,6788087	121,0000000
738,5693160	1,6787077	118,0000000
738,6137780	1,6786066	119,0000000
738,6582400	1,6785056	119,0000000
738,7027020	1,6784045	114,0000000
738,7471640	1,6783035	117,0000000
738,7916260	1,6782025	108,0000000
738,8360880	1,6781015	118,0000000
738,8805500	1,6780006	112,0000000
738,9250120	1,6778996	117,0000000
738,9694740	1,6777986	119,0000000
739,0139360	1,6776977	118,0000000
739,0583980	1,6775968	114,0000000
739,1028600	1,6774958	116,0000000
739,1473220	1,6773949	111,0000000
739,1917840	1,6772940	115,0000000
739,2362460	1,6771932	117,0000000
739,2807080	1,6770923	120,0000000
739,3251700	1,6769914	121,0000000
739,3696320	1,6768906	112,0000000
739,4140940	1,6767897	111,0000000
739,4585560	1,6766889	113,0000000
739,5030180	1,6765881	116,0000000
739,5474800	1,6764873	120,0000000
739,5919420	1,6763865	118,0000000
739,6364040	1,6762858	116,0000000
739,6808660	1,6761850	113,0000000
739,7253280	1,6760842	119,0000000
739,7697900	1,6759835	112,0000000
739,8142520	1,6758828	114,0000000
739,8587140	1,6757821	118,0000000
739,9031760	1,6756814	118,0000000
739,9476380	1,6755807	111,0000000
739,9921000	1,6754800	122,0000000
740,0365620	1,6753793	120,0000000
740,0810240	1,6752787	120,0000000
740,1254860	1,6751781	120,0000000
740,1699480	1,6750774	113,0000000
740,2144100	1,6749768	119,0000000
740,2588720	1,6748762	116,0000000
740,3033340	1,6747756	117,0000000
740,3477960	1,6746750	120,0000000
740,3922580	1,6745745	122,0000000
740,4367200	1,6744739	119,0000000
740,4811820	1,6743734	116,0000000
740,5256440	1,6742728	118,0000000
740,5701060	1,6741723	117,0000000
740,6145680	1,6740718	118,0000000
740,6590300	1,6739713	120,0000000
740,7034920	1,6738708	121,0000000
740,7479540	1,6737704	118,0000000
740,7924160	1,6736699	113,0000000
740,8368780	1,6735695	115,0000000
740,8813400	1,6734690	122,0000000
740,9258020	1,6733686	117,0000000
740,9702640	1,6732682	120,0000000
741,0147260	1,6731678	116,0000000
741,0591880	1,6730674	117,0000000
741,1036500	1,6729670	119,0000000
741,1481120	1,6728667	122,0000000
741,1925740	1,6727663	124,0000000
741,2370360	1,6726660	116,0000000
741,2814980	1,6725656	115,0000000
741,3259600	1,6724653	113,0000000
741,3704220	1,6723650	114,0000000
741,4148840	1,6722647	111,0000000
741,4593460	1,6721645	116,0000000
741,5038080	1,6720642	108,0000000
741,5482700	1,6719639	115,0000000
741,5927320	1,6718637	117,0000000
741,6371940	1,6717635	119,0000000
741,6816560	1,6716633	119,0000000
741,7261180	1,6715630	126,0000000
741,7705800	1,6714629	119,0000000
741,8150420	1,6713627	118,0000000
741,8595040	1,6712625	114,0000000
741,9039660	1,6711623	114,0000000
741,9484280	1,6710622	118,0000000
741,9928900	1,6709621	113,0000000
742,0373520	1,6708619	119,0000000
742,0818140	1,6707618	114,0000000
742,1262760	1,6706617	121,0000000
742,1707380	1,6705616	116,0000000
742,2152000	1,6704616	114,0000000
742,2596620	1,6703615	117,0000000
742,3041240	1,6702615	114,0000000
742,3485860	1,6701614	113,0000000
742,3930480	1,6700614	118,0000000
742,4375100	1,6699614	116,0000000
742,4819720	1,6698614	122,0000000
742,5264340	1,6697614	125,0000000
742,5708960	1,6696614	117,0000000
742,6153580	1,6695614	118,0000000
742,6598200	1,6694615	108,0000000
742,7042820	1,6693615	119,0000000
742,7487440	1,6692616	119,0000000
742,7932060	1,6691617	118,0000000
742,8376680	1,6690618	118,0000000
742,8821300	1,6689619	125,0000000
742,9265920	1,6688620	122,0000000
742,9710540	1,6687621	115,0000000
743,0155160	1,6686623	124,0000000
743,0599780	1,6685624	116,0000000
743,1044400	1,6684626	122,0000000
743,1489020	1,6683628	115,0000000
743,1933640	1,6682630	117,0000000
743,2378260	1,6681632	119,0000000
743,2822880	1,6680634	116,0000000
743,3267500	1,6679636	123,0000000
743,3712120	1,6678638	123,0000000
743,4156740	1,6677641	124,0000000
743,4601360	1,6676644	124,0000000
743,5045980	1,6675646	117,0000000
743,5490600	1,6674649	117,0000000
743,5935220	1,6673652	108,0000000
743,6379840	1,6672655	117,0000000
743,6824460	1,6671658	117,0000000
743,7269080	1,6670662	120,0000000
743,7713700	1,6669665	115,0000000
743,8158320	1,6668669	115,0000000
743,8602940	1,6667672	120,0000000
743,9047560	1,6666676	122,0000000
743,9492180	1,6665680	112,0000000
743,9936800	1,6664684	108,0000000
744,0381420	1,6663688	114,0000000
744,0826040	1,6662693	120,0000000
744,1270660	1,6661697	119,0000000
744,1715280	1,6660702	127,0000000
744,2159900	1,6659706	121,0000000
744,2604520	1,6658711	115,0000000
744,3049140	1,6657716	122,0000000
744,3493760	1,6656721	126,0000000
744,3938380	1,6655726	122,0000000
744,4383000	1,6654731	115,0000000
744,4827620	1,6653736	108,0000000
744,5272240	1,6652742	108,0000000
744,5716860	1,6651747	117,0000000
744,6161480	1,6650753	117,0000000
744,6606100	1,6649759	120,0000000
744,7050720	1,6648765	116,0000000
744,7495340	1,6647771	112,0000000
744,7939960	1,6646777	117,0000000
744,8384580	1,6645783	115,0000000
744,8829200	1,6644790	120,0000000
744,9273820	1,6643796	123,0000000
744,9718440	1,6642803	115,0000000
745,0163060	1,6641810	116,0000000
745,0607680	1,6640817	115,0000000
745,1052300	1,6639824	121,0000000
745,1496920	1,6638831	119,0000000
745,1941540	1,6637838	120,0000000
745,2386160	1,6636845	113,0000000
745,2830780	1,6635853	117,0000000
745,3275400	1,6634861	122,0000000
745,3720020	1,6633868	125,0000000
745,4164640	1,6632876	119,0000000
745,4609260	1,6631884	119,0000000
745,5053880	1,6630892	120,0000000
745,5498500	1,6629900	115,0000000
745,5943120	1,6628909	114,0000000
745,6387740	1,6627917	114,0000000
745,6832360	1,6626926	118,0000000
745,7276980	1,6625934	110,0000000
745,7721600	1,6624943	117,0000000
745,8166220	1,6623952	118,0000000
745,8610840	1,6622961	118,0000000
745,9055460	1,6621970	122,0000000
745,9500080	1,6620979	120,0000000
745,9944700	1,6619989	120,0000000
746,0389320	1,6618998	120,0000000
746,0833940	1,6618008	120,0000000
746,1278560	1,6617018	124,0000000
746,1723180	1,6616027	119,0000000
746,2167800	1,6615037	121,0000000
746,2612420	1,6614047	119,0000000
746,3057040	1,6613058	117,0000000
746,3501660	1,6612068	115,0000000
746,3946280	1,6611078	112,0000000
746,4390900	1,6610089	118,0000000
746,4835520	1,6609100	119,0000000
746,5280140	1,6608110	116,0000000
746,5724760	1,6607121	118,0000000
746,6169380	1,6606132	111,0000000
746,6614000	1,6605144	111,0000000
746,7058620	1,6604155	121,0000000
746,7503240	1,6603166	122,0000000
746,7947860	1,6602178	117,0000000
746,8392480	1,6601189	120,0000000
746,8837100	1,6600201	119,0000000
746,9281720	1,6599213	111,0000000
746,9726340	1,6598225	120,0000000
747,0170960	1,6597237	118,0000000
747,0615580	1,6596249	116,0000000
747,1060200	1,6595261	115,0000000
747,1504820	1,6594274	116,0000000
747,1949440	1,6593286	116,0000000
747,2394060	1,6592299	115,0000000
747,2838680	1,6591312	118,0000000
747,3283300	1,6590325	122,0000000
747,3727920	1,6589338	115,0000000
747,4172540	1,6588351	117,0000000
747,4617160	1,6587364	114,0000000
747,5061780	1,6586378	123,0000000
747,5506400	1,6585391	115,0000000
747,5951020	1,6584405	118,0000000
747,6395640	1,6583418	123,0000000
747,6840260	1,6582432	118,0000000
747,7284880	1,6581446	116,0000000
747,7729500	1,6580460	115,0000000
747,8174120	1,6579474	114,0000000
747,8618740	1,6578489	122,0000000
747,9063360	1,6577503	117,0000000
747,9507980	1,6576518	124,0000000
747,9952600	1,6575532	122,0000000
748,0397220	1,6574547	115,0000000
748,0841840	1,6573562	120,0000000
748,1286460	1,6572577	114,0000000
748,1731080	1,6571592	116,0000000
748,2175700	1,6570608	119,0000000
748,2620320	1,6569623	117,0000000
748,3064940	1,6568638	112,0000000
748,3509560	1,6567654	113,0000000
748,3954180	1,6566670	114,0000000
748,4398800	1,6565686	118,0000000
748,4843420	1,6564701	122,0000000
748,5288040	1,6563718	117,0000000
748,5732660	1,6562734	123,0000000
748,6177280	1,6561750	118,0000000
748,6621900	1,6560766	122,0000000
748,7066520	1,6559783	122,0000000
748,7511140	1,6558800	125,0000000
748,7955760	1,6557816	117,0000000
748,8400380	1,6556833	121,0000000
748,8845000	1,6555850	126,0000000
748,9289620	1,6554867	118,0000000
748,9734240	1,6553885	123,0000000
749,0178860	1,6552902	114,0000000
749,0623480	1,6551920	118,0000000
749,1068100	1,6550937	118,0000000
749,1512720	1,6549955	115,0000000
749,1957340	1,6548973	117,0000000
749,2401960	1,6547991	114,0000000
749,2846580	1,6547009	121,0000000
749,3291200	1,6546027	124,0000000
749,3735820	1,6545045	118,0000000
749,4180440	1,6544063	116,0000000
749,4625060	1,6543082	120,0000000
749,5069680	1,6542101	116,0000000
749,5514300	1,6541119	120,0000000
749,5958920	1,6540138	124,0000000
749,6403540	1,6539157	119,0000000
749,6848160	1,6538176	122,0000000
749,7292780	1,6537196	113,0000000
749,7737400	1,6536215	119,0000000
749,8182020	1,6535234	118,0000000
749,8626640	1,6534254	124,0000000
749,9071260	1,6533274	122,0000000
749,9515880	1,6532293	121,0000000
749,9960500	1,6531313	113,0000000
750,0405120	1,6530333	120,0000000
750,0849740	1,6529354	118,0000000
750,1294360	1,6528374	127,0000000
750,1738980	1,6527394	120,0000000
750,2183600	1,6526415	117,0000000
750,2628220	1,6525435	113,0000000
750,3072840	1,6524456	115,0000000
750,3517460	1,6523477	115,0000000
750,3962080	1,6522498	116,0000000
750,4406700	1,6521519	116,0000000
750,4851320	1,6520540	120,0000000
750,5295940	1,6519561	123,0000000
750,5740560	1,6518583	127,0000000
750,6185180	1,6517604	116,0000000
750,6629800	1,6516626	115,0000000
750,7074420	1,6515648	116,0000000
750,7519040	1,6514670	113,0000000
750,7963660	1,6513692	117,0000000
750,8408280	1,6512714	118,0000000
750,8852900	1,6511736	122,0000000
750,9297520	1,6510758	123,0000000
750,9742140	1,6509781	122,0000000
751,0186760	1,6508803	122,0000000
751,0631380	1,6507826	116,0000000
751,1076000	1,6506849	124,0000000
751,1520620	1,6505872	121,0000000
751,1965240	1,6504895	117,0000000
751,2409860	1,6503918	123,0000000
751,2854480	1,6502941	124,0000000
751,3299100	1,6501965	128,0000000
751,3743720	1,6500988	124,0000000
751,4188340	1,6500012	120,0000000
751,4632960	1,6499036	124,0000000
751,5077580	1,6498059	120,0000000
751,5522200	1,6497083	118,0000000
751,5966820	1,6496108	127,0000000
751,6411440	1,6495132	119,0000000
751,6856060	1,6494156	120,0000000
751,7300680	1,6493181	120,0000000
751,7745300	1,6492205	121,0000000
751,8189920	1,6491230	125,0000000
751,8634540	1,6490254	133,0000000
751,9079160	1,6489279	128,0000000
751,9523780	1,6488304	131,0000000
751,9968400	1,6487330	130,0000000
752,0413020	1,6486355	124,0000000
752,0857640	1,6485380	130,0000000
752,1302260	1,6484406	128,0000000
752,1746880	1,6483431	128,0000000
752,2191500	1,6482457	120,0000000
752,2636120	1,6481483	123,0000000
752,3080740	1,6480509	133,0000000
752,3525360	1,6479535	130,0000000
752,3969980	1,6478561	129,0000000
752,4414600	1,6477587	127,0000000
752,4859220	1,6476613	125,0000000
752,5303840	1,6475640	124,0000000
752,5748460	1,6474667	134,0000000
752,6193080	1,6473693	135,0000000
752,6637700	1,6472720	125,0000000
752,7082320	1,6471747	128,0000000
752,7526940	1,6470774	128,0000000
752,7971560	1,6469801	126,0000000
752,8416180	1,6468829	128,0000000
752,8860800	1,6467856	126,0000000
752,9305420	1,6466884	129,0000000
752,9750040	1,6465911	116,0000000
753,0194660	1,6464939	124,0000000
753,0639280	1,6463967	126,0000000
753,1083900	1,6462995	125,0000000
753,1528520	1,6462023	126,0000000
753,1973140	1,6461051	131,0000000
753,2417760	1,6460080	137,0000000
753,2862380	1,6459108	128,0000000
753,3307000	1,6458137	130,0000000
753,3751620	1,6457165	129,0000000
753,4196240	1,6456194	129,0000000
753,4640860	1,6455223	133,0000000
753,5085480	1,6454252	134,0000000
753,5530100	1,6453281	128,0000000
753,5974720	1,6452311	133,0000000
753,6419340	1,6451340	132,0000000
753,6863960	1,6450369	133,0000000
753,7308580	1,6449399	138,0000000
753,7753200	1,6448429	140,0000000
753,8197820	1,6447459	137,0000000
753,8642440	1,6446489	137,0000000
753,9087060	1,6445519	134,0000000
753,9531680	1,6444549	138,0000000
753,9976300	1,6443579	133,0000000
754,0420920	1,6442610	133,0000000
754,0865540	1,6441640	149,0000000
754,1310160	1,6440671	145,0000000
754,1754780	1,6439701	143,0000000
754,2199400	1,6438732	153,0000000
754,2644020	1,6437763	148,0000000
754,3088640	1,6436794	146,0000000
754,3533260	1,6435826	144,0000000
754,3977880	1,6434857	150,0000000
754,4422500	1,6433888	150,0000000
754,4867120	1,6432920	150,0000000
754,5311740	1,6431952	150,0000000
754,5756360	1,6430983	156,0000000
754,6200980	1,6430015	156,0000000
754,6645600	1,6429047	150,0000000
754,7090220	1,6428079	153,0000000
754,7534840	1,6427112	165,0000000
754,7979460	1,6426144	168,0000000
754,8424080	1,6425176	165,0000000
754,8868700	1,6424209	157,0000000
754,9313320	1,6423242	169,0000000
754,9757940	1,6422274	161,0000000
755,0202560	1,6421307	168,0000000
755,0647180	1,6420340	169,0000000
755,1091800	1,6419374	170,0000000
755,1536420	1,6418407	156,0000000
755,1981040	1,6417440	171,0000000
755,2425660	1,6416474	192,0000000
755,2870280	1,6415507	188,0000000
755,3314900	1,6414541	179,0000000
755,3759520	1,6413575	171,0000000
755,4204140	1,6412609	183,0000000
755,4648760	1,6411643	186,0000000
755,5093380	1,6410677	192,0000000
755,5538000	1,6409711	206,0000000
755,5982620	1,6408746	179,0000000
755,6427240	1,6407780	188,0000000
755,6871860	1,6406815	197,0000000
755,7316480	1,6405850	202,0000000
755,7761100	1,6404884	201,0000000
755,8205720	1,6403919	202,0000000
755,8650340	1,6402954	205,0000000
755,9094960	1,6401990	220,0000000
755,9539580	1,6401025	205,0000000
755,9984200	1,6400060	214,0000000
756,0428820	1,6399096	207,0000000
756,0873440	1,6398132	212,0000000
756,1318060	1,6397167	203,0000000
756,1762680	1,6396203	227,0000000
756,2207300	1,6395239	217,0000000
756,2651920	1,6394275	220,0000000
756,3096540	1,6393311	229,0000000
756,3541160	1,6392348	213,0000000
756,3985780	1,6391384	226,0000000
756,4430400	1,6390421	231,0000000
756,4875020	1,6389457	225,0000000
756,5319640	1,6388494	227,0000000
756,5764260	1,6387531	230,0000000
756,6208880	1,6386568	230,0000000
756,6653500	1,6385605	240,0000000
756,7098120	1,6384642	204,0000000
756,7542740	1,6383680	241,0000000
756,7987360	1,6382717	221,0000000
756,8431980	1,6381755	236,0000000
756,8876600	1,6380792	201,0000000
756,9321220	1,6379830	225,0000000
756,9765840	1,6378868	231,0000000
757,0210460	1,6377906	233,0000000
757,0655080	1,6376944	243,0000000
757,1099700	1,6375983	243,0000000
757,1544320	1,6375021	224,0000000
757,1988940	1,6374059	232,0000000
757,2433560	1,6373098	221,0000000
757,2878180	1,6372137	226,0000000
757,3322800	1,6371176	237,0000000
757,3767420	1,6370214	243,0000000
757,4212040	1,6369254	220,0000000
757,4656660	1,6368293	234,0000000
757,5101280	1,6367332	233,0000000
757,5545900	1,6366371	220,0000000
757,5990520	1,6365411	218,0000000
757,6435140	1,6364450	216,0000000
757,6879760	1,6363490	226,0000000
757,7324380	1,6362530	217,0000000
757,7769000	1,6361570	214,0000000
757,8213620	1,6360610	229,0000000
757,8658240	1,6359650	218,0000000
757,9102860	1,6358690	219,0000000
757,9547480	1,6357731	207,0000000
757,9992100	1,6356771	223,0000000
758,0436720	1,6355812	231,0000000
758,0881340	1,6354853	233,0000000
758,1325960	1,6353893	224,0000000
758,1770580	1,6352934	242,0000000
758,2215200	1,6351975	223,0000000
758,2659820	1,6351017	208,0000000
758,3104440	1,6350058	241,0000000
758,3549060	1,6349099	253,0000000
758,3993680	1,6348141	242,0000000
758,4438300	1,6347182	252,0000000
758,4882920	1,6346224	258,0000000
758,5327540	1,6345266	266,0000000
758,5772160	1,6344308	269,0000000
758,6216780	1,6343350	264,0000000
758,6661400	1,6342392	277,0000000
758,7106020	1,6341435	297,0000000
758,7550640	1,6340477	274,0000000
758,7995260	1,6339520	315,0000000
758,8439880	1,6338562	319,0000000
758,8884500	1,6337605	332,0000000
758,9329120	1,6336648	350,0000000
758,9773740	1,6335691	373,0000000
759,0218360	1,6334734	390,0000000
759,0662980	1,6333777	378,0000000
759,1107600	1,6332820	421,0000000
759,1552220	1,6331864	425,0000000
759,1996840	1,6330907	441,0000000
759,2441460	1,6329951	524,0000000
759,2886080	1,6328995	530,0000000
759,3330700	1,6328039	529,0000000
759,3775320	1,6327083	583,0000000
759,4219940	1,6326127	600,0000000
759,4664560	1,6325171	634,0000000
759,5109180	1,6324215	659,0000000
759,5553800	1,6323260	702,0000000
759,5998420	1,6322304	767,0000000
759,6443040	1,6321349	858,0000000
759,6887660	1,6320394	866,0000000
759,7332280	1,6319439	925,0000000
759,7776900	1,6318484	998,0000000
759,8221520	1,6317529	1115,0000000
759,8666140	1,6316574	1157,0000000
759,9110760	1,6315619	1230,0000000
759,9555380	1,6314665	1337,0000000
760,0000000	1,6313710	1494,0000000
760,0444620	1,6312756	1554,0000000
760,0889240	1,6311802	1787,0000000
760,1333860	1,6310847	1878,0000000
760,1778480	1,6309893	1961,0000000
760,2223100	1,6308940	2095,0000000
760,2667720	1,6307986	2372,0000000
760,3112340	1,6307032	2473,0000000
760,3556960	1,6306079	2765,0000000
760,4001580	1,6305125	3054,0000000
760,4446200	1,6304172	3305,0000000
760,4890820	1,6303219	3467,0000000
760,5335440	1,6302265	3818,0000000
760,5780060	1,6301312	4188,0000000
760,6224680	1,6300360	4511,0000000
760,6669300	1,6299407	4778,0000000
760,7113920	1,6298454	5172,0000000
760,7558540	1,6297502	5538,0000000
760,8003160	1,6296549	5962,0000000
760,8447780	1,6295597	6433,0000000
760,8892400	1,6294645	7025,0000000
760,9337020	1,6293692	7650,0000000
760,9781640	1,6292740	8209,0000000
761,0226260	1,6291789	8880,0000000
761,0670880	1,6290837	9499,0000000
761,1115500	1,6289885	10497,0000000
761,1560120	1,6288934	11269,0000000
761,2004740	1,6287982	12154,0000000
761,2449360	1,6287031	13189,0000000
761,2893980	1,6286080	14529,0000000
761,3338600	1,6285128	15974,0000000
761,3783220	1,6284177	17341,0000000
761,4227840	1,6283227	18535,0000000
761,4672460	1,6282276	19998,0000000
761,5117080	1,6281325	21095,0000000
761,5561700	1,6280375	22161,0000000
761,6006320	1,6279424	23873,0000000
761,6450940	1,6278474	25467,0000000
761,6895560	1,6277524	26713,0000000
761,7340180	1,6276573	28478,0000000
761,7784800	1,6275623	30003,0000000
761,8229420	1,6274674	32033,0000000
761,8674040	1,6273724	33601,0000000
761,9118660	1,6272774	35255,0000000
761,9563280	1,6271825	37140,0000000
762,0007900	1,6270875	38761,0000000
762,0452520	1,6269926	40546,0000000
762,0897140	1,6268977	42835,0000000
762,1341760	1,6268027	44666,0000000
762,1786380	1,6267078	45811,0000000
762,2231000	1,6266130	47079,0000000
762,2675620	1,6265181	48685,0000000
762,3120240	1,6264232	49590,0000000
762,3564860	1,6263284	49812,0000000
762,4009480	1,6262335	50342,0000000
762,4454100	1,6261387	50876,0000000
762,4898720	1,6260439	52249,0000000
762,5343340	1,6259490	52999,0000000
762,5787960	1,6258542	53914,0000000
762,6232580	1,6257595	53782,0000000
762,6677200	1,6256647	53704,0000000
762,7121820	1,6255699	53225,0000000
762,7566440	1,6254751	52589,0000000
762,8011060	1,6253804	51262,0000000
762,8455680	1,6252857	49585,0000000
762,8900300	1,6251909	47926,0000000
762,9344920	1,6250962	46568,0000000
762,9789540	1,6250015	44437,0000000
763,0234160	1,6249068	42204,0000000
763,0678780	1,6248122	39866,0000000
763,1123400	1,6247175	38578,0000000
763,1568020	1,6246228	36477,0000000
763,2012640	1,6245282	34275,0000000
763,2457260	1,6244336	31187,0000000
763,2901880	1,6243389	29446,0000000
763,3346500	1,6242443	26949,0000000
763,3791120	1,6241497	25219,0000000
763,4235740	1,6240551	23889,0000000
763,4680360	1,6239605	23091,0000000
763,5124980	1,6238660	21849,0000000
763,5569600	1,6237714	19984,0000000
763,6014220	1,6236769	18633,0000000
763,6458840	1,6235823	17227,0000000
763,6903460	1,6234878	16020,0000000
763,7348080	1,6233933	15327,0000000
763,7792700	1,6232988	14355,0000000
763,8237320	1,6232043	13218,0000000
763,8681940	1,6231098	12394,0000000
763,9126560	1,6230154	11317,0000000
763,9571180	1,6229209	10840,0000000
764,0015800	1,6228264	9985,0000000
764,0460420	1,6227320	9638,0000000
764,0905040	1,6226376	9103,0000000
764,1349660	1,6225432	8605,0000000
764,1794280	1,6224488	8206,0000000
764,2238900	1,6223544	7808,0000000
764,2683520	1,6222600	7385,0000000
764,3128140	1,6221656	7088,0000000
764,3572760	1,6220713	6653,0000000
764,4017380	1,6219769	6502,0000000
764,4462000	1,6218826	6435,0000000
764,4906620	1,6217882	6416,0000000
764,5351240	1,6216939	5983,0000000
764,5795860	1,6215996	5747,0000000
764,6240480	1,6215053	5488,0000000
764,6685100	1,6214110	5309,0000000
764,7129720	1,6213168	4941,0000000
764,7574340	1,6212225	4763,0000000
764,8018960	1,6211283	4594,0000000
764,8463580	1,6210340	4316,0000000
764,8908200	1,6209398	4031,0000000
764,9352820	1,6208456	3872,0000000
764,9797440	1,6207514	3653,0000000
765,0242060	1,6206572	3558,0000000
765,0686680	1,6205630	3405,0000000
765,1131300	1,6204688	3327,0000000
765,1575920	1,6203747	3046,0000000
765,2020540	1,6202805	2938,0000000
765,2465160	1,6201864	2792,0000000
765,2909780	1,6200922	2626,0000000
765,3354400	1,6199981	2343,0000000
765,3799020	1,6199040	2278,0000000
765,4243640	1,6198099	2110,0000000
765,4688260	1,6197158	1936,0000000
765,5132880	1,6196217	1857,0000000
765,5577500	1,6195277	1727,0000000
765,6022120	1,6194336	1740,0000000
765,6466740	1,6193396	1692,0000000
765,6911360	1,6192456	1537,0000000
765,7355980	1,6191515	1414,0000000
765,7800600	1,6190575	1340,0000000
765,8245220	1,6189635	1188,0000000
765,8689840	1,6188695	1217,0000000
765,9134460	1,6187756	1116,0000000
765,9579080	1,6186816	1095,0000000
766,0023700	1,6185876	1031,0000000
766,0468320	1,6184937	936,0000000
766,0912940	1,6183998	957,0000000
766,1357560	1,6183058	931,0000000
766,1802180	1,6182119	904,0000000
766,2246800	1,6181180	873,0000000
766,2691420	1,6180241	915,0000000
766,3136040	1,6179303	872,0000000
766,3580660	1,6178364	868,0000000
766,4025280	1,6177425	824,0000000
766,4469900	1,6176487	774,0000000
766,4914520	1,6175549	729,0000000
766,5359140	1,6174610	692,0000000
766,5803760	1,6173672	709,0000000
766,6248380	1,6172734	629,0000000
766,6693000	1,6171796	630,0000000
766,7137620	1,6170858	575,0000000
766,7582240	1,6169921	590,0000000
766,8026860	1,6168983	588,0000000
766,8471480	1,6168046	552,0000000
766,8916100	1,6167108	531,0000000
766,9360720	1,6166171	534,0000000
766,9805340	1,6165234	543,0000000
767,0249960	1,6164297	491,0000000
767,0694580	1,6163360	496,0000000
767,1139200	1,6162423	493,0000000
767,1583820	1,6161486	474,0000000
767,2028440	1,6160550	476,0000000
767,2473060	1,6159613	451,0000000
767,2917680	1,6158677	410,0000000
767,3362300	1,6157741	470,0000000
767,3806920	1,6156804	459,0000000
767,4251540	1,6155868	430,0000000
767,4696160	1,6154932	447,0000000
767,5140780	1,6153996	405,0000000
767,5585400	1,6153061	405,0000000
767,6030020	1,6152125	398,0000000
767,6474640	1,6151190	400,0000000
767,6919260	1,6150254	351,0000000
767,7363880	1,6149319	356,0000000
767,7808500	1,6148384	352,0000000
767,8253120	1,6147449	377,0000000
767,8697740	1,6146514	351,0000000
767,9142360	1,6145579	378,0000000
767,9586980	1,6144644	344,0000000
768,0031600	1,6143709	387,0000000
768,0476220	1,6142775	383,0000000
768,0920840	1,6141840	354,0000000
768,1365460	1,6140906	367,0000000
768,1810080	1,6139972	348,0000000
768,2254700	1,6139038	363,0000000
768,2699320	1,6138104	368,0000000
768,3143940	1,6137170	329,0000000
768,3588560	1,6136236	355,0000000
768,4033180	1,6135302	362,0000000
768,4477800	1,6134369	352,0000000
768,4922420	1,6133435	392,0000000
768,5367040	1,6132502	365,0000000
768,5811660	1,6131568	367,0000000
768,6256280	1,6130635	381,0000000
768,6700900	1,6129702	362,0000000
768,7145520	1,6128769	351,0000000
768,7590140	1,6127837	343,0000000
768,8034760	1,6126904	349,0000000
768,8479380	1,6125971	312,0000000
768,8924000	1,6125039	307,0000000
768,9368620	1,6124106	314,0000000
768,9813240	1,6123174	319,0000000
769,0257860	1,6122242	341,0000000
769,0702480	1,6121310	314,0000000
769,1147100	1,6120378	325,0000000
769,1591720	1,6119446	308,0000000
769,2036340	1,6118514	336,0000000
769,2480960	1,6117583	299,0000000
769,2925580	1,6116651	293,0000000
769,3370200	1,6115720	339,0000000
769,3814820	1,6114788	288,0000000
769,4259440	1,6113857	291,0000000
769,4704060	1,6112926	298,0000000
769,5148680	1,6111995	269,0000000
769,5593300	1,6111064	270,0000000
769,6037920	1,6110133	264,0000000
769,6482540	1,6109203	261,0000000
769,6927160	1,6108272	255,0000000
769,7371780	1,6107342	279,0000000
769,7816400	1,6106411	239,0000000
769,8261020	1,6105481	240,0000000
769,8705640	1,6104551	254,0000000
769,9150260	1,6103621	247,0000000
769,9594880	1,6102691	236,0000000
770,0039500	1,6101761	249,0000000
770,0484120	1,6100831	231,0000000
770,0928740	1,6099902	239,0000000
770,1373360	1,6098972	229,0000000
770,1817980	1,6098043	244,0000000
770,2262600	1,6097114	232,0000000
770,2707220	1,6096185	234,0000000
770,3151840	1,6095255	225,0000000
770,3596460	1,6094327	218,0000000
770,4041080	1,6093398	218,0000000
770,4485700	1,6092469	219,0000000
770,4930320	1,6091540	212,0000000
770,5374940	1,6090612	217,0000000
770,5819560	1,6089683	213,0000000
770,6264180	1,6088755	193,0000000
770,6708800	1,6087827	223,0000000
770,7153420	1,6086899	204,0000000
770,7598040	1,6085971	203,0000000
770,8042660	1,6085043	206,0000000
770,8487280	1,6084115	203,0000000
770,8931900	1,6083187	204,0000000
770,9376520	1,6082260	196,0000000
770,9821140	1,6081332	211,0000000
771,0265760	1,6080405	190,0000000
771,0710380	1,6079478	204,0000000
771,1155000	1,6078551	184,0000000
771,1599620	1,6077624	206,0000000
771,2044240	1,6076697	220,0000000
771,2488860	1,6075770	215,0000000
771,2933480	1,6074843	194,0000000
771,3378100	1,6073917	214,0000000
771,3822720	1,6072990	216,0000000
771,4267340	1,6072064	231,0000000
771,4711960	1,6071138	210,0000000
771,5156580	1,6070211	223,0000000
771,5601200	1,6069285	245,0000000
771,6045820	1,6068359	220,0000000
771,6490440	1,6067434	238,0000000
771,6935060	1,6066508	244,0000000
771,7379680	1,6065582	250,0000000
771,7824300	1,6064657	236,0000000
771,8268920	1,6063731	229,0000000
771,8713540	1,6062806	218,0000000
771,9158160	1,6061881	217,0000000
771,9602780	1,6060956	235,0000000
772,0047400	1,6060031	199,0000000
772,0492020	1,6059106	191,0000000
772,0936640	1,6058181	185,0000000
772,1381260	1,6057256	192,0000000
772,1825880	1,6056332	193,0000000
772,2270500	1,6055407	189,0000000
772,2715120	1,6054483	189,0000000
772,3159740	1,6053559	192,0000000
772,3604360	1,6052634	191,0000000
772,4048980	1,6051710	201,0000000
772,4493600	1,6050786	203,0000000
772,4938220	1,6049863	186,0000000
772,5382840	1,6048939	202,0000000
772,5827460	1,6048015	188,0000000
772,6272080	1,6047092	208,0000000
772,6716700	1,6046168	190,0000000
772,7161320	1,6045245	190,0000000
772,7605940	1,6044322	187,0000000
772,8050560	1,6043399	202,0000000
772,8495180	1,6042476	186,0000000
772,8939800	1,6041553	180,0000000
772,9384420	1,6040630	176,0000000
772,9829040	1,6039708	170,0000000
773,0273660	1,6038785	177,0000000
773,0718280	1,6037863	177,0000000
773,1162900	1,6036940	180,0000000
773,1607520	1,6036018	178,0000000
773,2052140	1,6035096	193,0000000
773,2496760	1,6034174	188,0000000
773,2941380	1,6033252	184,0000000
773,3386000	1,6032330	196,0000000
773,3830620	1,6031408	203,0000000
773,4275240	1,6030487	185,0000000
773,4719860	1,6029565	188,0000000
773,5164480	1,6028644	189,0000000
773,5609100	1,6027723	198,0000000
773,6053720	1,6026801	199,0000000
773,6498340	1,6025880	205,0000000
773,6942960	1,6024959	210,0000000
773,7387580	1,6024039	204,0000000
773,7832200	1,6023118	208,0000000
773,8276820	1,6022197	197,0000000
773,8721440	1,6021277	205,0000000
773,9166060	1,6020356	196,0000000
773,9610680	1,6019436	209,0000000
774,0055300	1,6018516	199,0000000
774,0499920	1,6017596	201,0000000
774,0944540	1,6016676	221,0000000
774,1389160	1,6015756	215,0000000
774,1833780	1,6014836	214,0000000
774,2278400	1,6013916	194,0000000
774,2723020	1,6012997	219,0000000
774,3167640	1,6012077	197,0000000
774,3612260	1,6011158	206,0000000
774,4056880	1,6010238	230,0000000
774,4501500	1,6009319	233,0000000
774,4946120	1,6008400	191,0000000
774,5390740	1,6007481	210,0000000
774,5835360	1,6006562	234,0000000
774,6279980	1,6005644	245,0000000
774,6724600	1,6004725	223,0000000
774,7169220	1,6003806	218,0000000
774,7613840	1,6002888	210,0000000
774,8058460	1,6001970	220,0000000
774,8503080	1,6001052	195,0000000
774,8947700	1,6000133	210,0000000
774,9392320	1,5999215	198,0000000
774,9836940	1,5998298	204,0000000
775,0281560	1,5997380	199,0000000
775,0726180	1,5996462	187,0000000
775,1170800	1,5995544	208,0000000
775,1615420	1,5994627	219,0000000
775,2060040	1,5993710	183,0000000
775,2504660	1,5992792	218,0000000
775,2949280	1,5991875	203,0000000
775,3393900	1,5990958	195,0000000
775,3838520	1,5990041	183,0000000
775,4283140	1,5989124	185,0000000
775,4727760	1,5988208	219,0000000
775,5172380	1,5987291	182,0000000
775,5617000	1,5986374	205,0000000
775,6061620	1,5985458	218,0000000
775,6506240	1,5984542	227,0000000
775,6950860	1,5983625	211,0000000
775,7395480	1,5982709	210,0000000
775,7840100	1,5981793	233,0000000
775,8284720	1,5980877	267,0000000
775,8729340	1,5979962	254,0000000
775,9173960	1,5979046	252,0000000
775,9618580	1,5978130	246,0000000
776,0063200	1,5977215	294,0000000
776,0507820	1,5976299	270,0000000
776,0952440	1,5975384	286,0000000
776,1397060	1,5974469	313,0000000
776,1841680	1,5973554	308,0000000
776,2286300	1,5972639	357,0000000
776,2730920	1,5971724	394,0000000
776,3175540	1,5970809	455,0000000
776,3620160	1,5969895	482,0000000
776,4064780	1,5968980	471,0000000
776,4509400	1,5968066	420,0000000
776,4954020	1,5967151	372,0000000
776,5398640	1,5966237	337,0000000
776,5843260	1,5965323	321,0000000
776,6287880	1,5964409	294,0000000
776,6732500	1,5963495	291,0000000
776,7177120	1,5962581	281,0000000
776,7621740	1,5961668	269,0000000
776,8066360	1,5960754	259,0000000
776,8510980	1,5959841	267,0000000
776,8955600	1,5958927	230,0000000
776,9400220	1,5958014	247,0000000
776,9844840	1,5957101	233,0000000
777,0289460	1,5956188	231,0000000
777,0734080	1,5955275	219,0000000
777,1178700	1,5954362	223,0000000
777,1623320	1,5953449	211,0000000
777,2067940	1,5952536	230,0000000
777,2512560	1,5951624	212,0000000
777,2957180	1,5950711	217,0000000
777,3401800	1,5949799	213,0000000
777,3846420	1,5948887	203,0000000
777,4291040	1,5947975	221,0000000
777,4735660	1,5947063	209,0000000
777,5180280	1,5946151	208,0000000
777,5624900	1,5945239	209,0000000
777,6069520	1,5944327	218,0000000
777,6514140	1,5943416	189,0000000
777,6958760	1,5942504	208,0000000
777,7403380	1,5941593	201,0000000
777,7848000	1,5940681	182,0000000
777,8292620	1,5939770	218,0000000
777,8737240	1,5938859	200,0000000
777,9181860	1,5937948	224,0000000
777,9626480	1,5937037	230,0000000
778,0071100	1,5936126	226,0000000
778,0515720	1,5935216	200,0000000
778,0960340	1,5934305	201,0000000
778,1404960	1,5933395	200,0000000
778,1849580	1,5932484	212,0000000
778,2294200	1,5931574	212,0000000
778,2738820	1,5930664	214,0000000
778,3183440	1,5929754	203,0000000
778,3628060	1,5928844	207,0000000
778,4072680	1,5927934	223,0000000
778,4517300	1,5927024	219,0000000
778,4961920	1,5926115	199,0000000
778,5406540	1,5925205	216,0000000
778,5851160	1,5924296	217,0000000
778,6295780	1,5923386	205,0000000
778,6740400	1,5922477	201,0000000
778,7185020	1,5921568	179,0000000
778,7629640	1,5920659	208,0000000
778,8074260	1,5919750	197,0000000
778,8518880	1,5918841	202,0000000
778,8963500	1,5917933	203,0000000
778,9408120	1,5917024	190,0000000
778,9852740	1,5916116	185,0000000
779,0297360	1,5915207	172,0000000
779,0741980	1,5914299	178,0000000
779,1186600	1,5913391	202,0000000
779,1631220	1,5912483	193,0000000
779,2075840	1,5911575	170,0000000
779,2520460	1,5910667	176,0000000
779,2965080	1,5909759	194,0000000
779,3409700	1,5908851	178,0000000
779,3854320	1,5907944	201,0000000
779,4298940	1,5907036	185,0000000
779,4743560	1,5906129	167,0000000
779,5188180	1,5905222	167,0000000
779,5632800	1,5904315	190,0000000
779,6077420	1,5903408	187,0000000
779,6522040	1,5902501	170,0000000
779,6966660	1,5901594	176,0000000
779,7411280	1,5900687	178,0000000
779,7855900	1,5899780	192,0000000
779,8300520	1,5898874	183,0000000
779,8745140	1,5897968	179,0000000
779,9189760	1,5897061	181,0000000
779,9634380	1,5896155	179,0000000
780,0079000	1,5895249	177,0000000
780,0523620	1,5894343	167,0000000
780,0968240	1,5893437	166,0000000
780,1412860	1,5892531	175,0000000
780,1857480	1,5891625	171,0000000
780,2302100	1,5890720	180,0000000
780,2746720	1,5889814	179,0000000
780,3191340	1,5888909	169,0000000
780,3635960	1,5888004	179,0000000
780,4080580	1,5887099	170,0000000
780,4525200	1,5886193	164,0000000
780,4969820	1,5885288	177,0000000
780,5414440	1,5884384	172,0000000
780,5859060	1,5883479	174,0000000
780,6303680	1,5882574	164,0000000
780,6748300	1,5881670	172,0000000
780,7192920	1,5880765	173,0000000
780,7637540	1,5879861	166,0000000
780,8082160	1,5878957	175,0000000
780,8526780	1,5878052	181,0000000
780,8971400	1,5877148	162,0000000
780,9416020	1,5876244	164,0000000
780,9860640	1,5875341	151,0000000
781,0305260	1,5874437	150,0000000
781,0749880	1,5873533	153,0000000
781,1194500	1,5872630	171,0000000
781,1639120	1,5871726	157,0000000
781,2083740	1,5870823	171,0000000
781,2528360	1,5869920	159,0000000
781,2972980	1,5869016	159,0000000
781,3417600	1,5868113	169,0000000
781,3862220	1,5867211	162,0000000
781,4306840	1,5866308	153,0000000
781,4751460	1,5865405	166,0000000
781,5196080	1,5864502	156,0000000
781,5640700	1,5863600	156,0000000
781,6085320	1,5862697	157,0000000
781,6529940	1,5861795	153,0000000
781,6974560	1,5860893	158,0000000
781,7419180	1,5859991	163,0000000
781,7863800	1,5859089	159,0000000
781,8308420	1,5858187	166,0000000
781,8753040	1,5857285	158,0000000
781,9197660	1,5856384	144,0000000
781,9642280	1,5855482	171,0000000
782,0086900	1,5854580	156,0000000
782,0531520	1,5853679	162,0000000
782,0976140	1,5852778	163,0000000
782,1420760	1,5851877	150,0000000
782,1865380	1,5850976	169,0000000
782,2310000	1,5850075	168,0000000
782,2754620	1,5849174	160,0000000
782,3199240	1,5848273	158,0000000
782,3643860	1,5847372	165,0000000
782,4088480	1,5846472	167,0000000
782,4533100	1,5845571	163,0000000
782,4977720	1,5844671	167,0000000
782,5422340	1,5843771	169,0000000
782,5866960	1,5842871	166,0000000
782,6311580	1,5841970	166,0000000
782,6756200	1,5841071	163,0000000
782,7200820	1,5840171	176,0000000
782,7645440	1,5839271	166,0000000
782,8090060	1,5838371	179,0000000
782,8534680	1,5837472	173,0000000
782,8979300	1,5836572	155,0000000
782,9423920	1,5835673	150,0000000
782,9868540	1,5834774	171,0000000
783,0313160	1,5833875	181,0000000
783,0757780	1,5832976	175,0000000
783,1202400	1,5832077	159,0000000
783,1647020	1,5831178	149,0000000
783,2091640	1,5830279	173,0000000
783,2536260	1,5829381	168,0000000
783,2980880	1,5828482	147,0000000
783,3425500	1,5827584	173,0000000
783,3870120	1,5826685	157,0000000
783,4314740	1,5825787	164,0000000
783,4759360	1,5824889	171,0000000
783,5203980	1,5823991	158,0000000
783,5648600	1,5823093	153,0000000
783,6093220	1,5822195	156,0000000
783,6537840	1,5821298	165,0000000
783,6982460	1,5820400	157,0000000
783,7427080	1,5819502	159,0000000
783,7871700	1,5818605	157,0000000
783,8316320	1,5817708	157,0000000
783,8760940	1,5816811	146,0000000
783,9205560	1,5815913	162,0000000
783,9650180	1,5815017	155,0000000
784,0094800	1,5814120	156,0000000
784,0539420	1,5813223	151,0000000
784,0984040	1,5812326	159,0000000
784,1428660	1,5811430	148,0000000
784,1873280	1,5810533	146,0000000
784,2317900	1,5809637	156,0000000
784,2762520	1,5808740	159,0000000
784,3207140	1,5807844	145,0000000
784,3651760	1,5806948	143,0000000
784,4096380	1,5806052	140,0000000
784,4541000	1,5805156	144,0000000
784,4985620	1,5804261	141,0000000
784,5430240	1,5803365	144,0000000
784,5874860	1,5802469	145,0000000
784,6319480	1,5801574	140,0000000
784,6764100	1,5800679	144,0000000
784,7208720	1,5799783	145,0000000
784,7653340	1,5798888	138,0000000
784,8097960	1,5797993	128,0000000
784,8542580	1,5797098	137,0000000
784,8987200	1,5796203	141,0000000
784,9431820	1,5795308	139,0000000
784,9876440	1,5794414	129,0000000
785,0321060	1,5793519	137,0000000
785,0765680	1,5792625	132,0000000
785,1210300	1,5791730	125,0000000
785,1654920	1,5790836	127,0000000
785,2099540	1,5789942	141,0000000
785,2544160	1,5789048	129,0000000
785,2988780	1,5788154	125,0000000
785,3433400	1,5787260	124,0000000
785,3878020	1,5786367	125,0000000
785,4322640	1,5785473	131,0000000
785,4767260	1,5784579	137,0000000
785,5211880	1,5783686	128,0000000
785,5656500	1,5782793	128,0000000
785,6101120	1,5781899	132,0000000
785,6545740	1,5781006	116,0000000
785,6990360	1,5780113	123,0000000
785,7434980	1,5779220	123,0000000
785,7879600	1,5778327	126,0000000
785,8324220	1,5777435	131,0000000
785,8768840	1,5776542	133,0000000
785,9213460	1,5775650	117,0000000
785,9658080	1,5774757	133,0000000
786,0102700	1,5773865	118,0000000
786,0547320	1,5772973	123,0000000
786,0991940	1,5772080	126,0000000
786,1436560	1,5771188	132,0000000
786,1881180	1,5770296	128,0000000
786,2325800	1,5769405	124,0000000
786,2770420	1,5768513	123,0000000
786,3215040	1,5767621	136,0000000
786,3659660	1,5766730	126,0000000
786,4104280	1,5765838	136,0000000
786,4548900	1,5764947	130,0000000
786,4993520	1,5764056	128,0000000
786,5438140	1,5763165	130,0000000
786,5882760	1,5762274	130,0000000
786,6327380	1,5761383	128,0000000
786,6772000	1,5760492	132,0000000
786,7216620	1,5759601	129,0000000
786,7661240	1,5758711	122,0000000
786,8105860	1,5757820	124,0000000
786,8550480	1,5756930	124,0000000
786,8995100	1,5756039	127,0000000
786,9439720	1,5755149	131,0000000
786,9884340	1,5754259	119,0000000
787,0328960	1,5753369	118,0000000
787,0773580	1,5752479	126,0000000
787,1218200	1,5751589	126,0000000
787,1662820	1,5750700	125,0000000
787,2107440	1,5749810	131,0000000
787,2552060	1,5748921	123,0000000
787,2996680	1,5748031	126,0000000
787,3441300	1,5747142	129,0000000
787,3885920	1,5746253	134,0000000
787,4330540	1,5745364	119,0000000
787,4775160	1,5744475	123,0000000
787,5219780	1,5743586	134,0000000
787,5664400	1,5742697	128,0000000
787,6109020	1,5741808	132,0000000
787,6553640	1,5740920	121,0000000
787,6998260	1,5740031	130,0000000
787,7442880	1,5739143	122,0000000
787,7887500	1,5738254	118,0000000
787,8332120	1,5737366	131,0000000
787,8776740	1,5736478	127,0000000
787,9221360	1,5735590	132,0000000
787,9665980	1,5734702	121,0000000
788,0110600	1,5733814	123,0000000
788,0555220	1,5732927	124,0000000
788,0999840	1,5732039	119,0000000
788,1444460	1,5731152	116,0000000
788,1889080	1,5730264	122,0000000
788,2333700	1,5729377	131,0000000
788,2778320	1,5728490	130,0000000
788,3222940	1,5727603	138,0000000
788,3667560	1,5726716	128,0000000
788,4112180	1,5725829	121,0000000
788,4556800	1,5724942	127,0000000
788,5001420	1,5724055	127,0000000
788,5446040	1,5723169	122,0000000
788,5890660	1,5722282	123,0000000
788,6335280	1,5721396	132,0000000
788,6779900	1,5720509	136,0000000
788,7224520	1,5719623	118,0000000
788,7669140	1,5718737	124,0000000
788,8113760	1,5717851	128,0000000
788,8558380	1,5716965	132,0000000
788,9003000	1,5716079	127,0000000
788,9447620	1,5715194	129,0000000
788,9892240	1,5714308	129,0000000
789,0336860	1,5713423	128,0000000
789,0781480	1,5712537	126,0000000
789,1226100	1,5711652	129,0000000
789,1670720	1,5710767	130,0000000
789,2115340	1,5709882	127,0000000
789,2559960	1,5708997	128,0000000
789,3004580	1,5708112	134,0000000
789,3449200	1,5707227	132,0000000
789,3893820	1,5706342	134,0000000
789,4338440	1,5705458	129,0000000
789,4783060	1,5704573	123,0000000
789,5227680	1,5703689	131,0000000
789,5672300	1,5702804	129,0000000
789,6116920	1,5701920	132,0000000
789,6561540	1,5701036	140,0000000
789,7006160	1,5700152	135,0000000
789,4000000	1,6313710	129,0000000
