730,2104600	1,6979241	116,0000000
730,2549220	1,6978208	109,0000000
730,2993840	1,6977174	112,0000000
730,3438460	1,6976140	111,0000000
730,3883080	1,6975107	115,0000000
730,4327700	1,6974074	107,0000000
730,4772320	1,6973041	109,0000000
730,5216940	1,6972008	109,0000000
730,5661560	1,6970975	112,0000000
730,6106180	1,6969942	118,0000000
730,6550800	1,6968909	116,0000000
730,6995420	1,6967877	113,0000000
730,7440040	1,6966844	118,0000000
730,7884660	1,6965812	109,0000000
730,8329280	1,6964780	111,0000000
730,8773900	1,6963748	114,0000000
730,9218520	1,6962716	115,0000000
730,9663140	1,6961684	114,0000000
731,0107760	1,6960652	111,0000000
731,0552380	1,6959621	115,0000000
731,0997000	1,6958590	115,0000000
731,1441620	1,6957558	118,0000000
731,1886240	1,6956527	117,0000000
731,2330860	1,6955496	114,0000000
731,2775480	1,6954465	119,0000000
731,3220100	1,6953434	115,0000000
731,3664720	1,6952404	113,0000000
731,4109340	1,6951373	112,0000000
731,4553960	1,6950343	115,0000000
731,4998580	1,6949313	117,0000000
731,5443200	1,6948282	112,0000000
731,5887820	1,6947252	107,0000000
731,6332440	1,6946222	111,0000000
731,6777060	1,6945193	113,0000000
731,7221680	1,6944163	118,0000000
731,7666300	1,6943133	114,0000000
731,8110920	1,6942104	121,0000000
731,8555540	1,6941075	116,0000000
731,9000160	1,6940046	118,0000000
731,9444780	1,6939017	122,0000000
731,9889400	1,6937988	120,0000000
732,0334020	1,6936959	115,0000000
732,0778640	1,6935930	119,0000000
732,1223260	1,6934902	119,0000000
732,1667880	1,6933873	112,0000000
732,2112500	1,6932845	111,0000000
732,2557120	1,6931817	108,0000000
732,3001740	1,6930789	116,0000000
732,3446360	1,6929761	115,0000000
732,3890980	1,6928733	110,0000000
732,4335600	1,6927706	109,0000000
732,4780220	1,6926678	115,0000000
732,5224840	1,6925651	116,0000000
732,5669460	1,6924623	121,0000000
732,6114080	1,6923596	115,0000000
732,6558700	1,6922569	111,0000000
732,7003320	1,6921542	111,0000000
732,7447940	1,6920516	110,0000000
732,7892560	1,6919489	117,0000000
732,8337180	1,6918462	121,0000000
732,8781800	1,6917436	113,0000000
732,9226420	1,6916410	112,0000000
732,9671040	1,6915384	113,0000000
733,0115660	1,6914358	113,0000000
733,0560280	1,6913332	121,0000000
733,1004900	1,6912306	118,0000000
733,1449520	1,6911280	105,0000000
733,1894140	1,6910255	110,0000000
733,2338760	1,6909229	114,0000000
733,2783380	1,6908204	116,0000000
733,3228000	1,6907179	113,0000000
733,3672620	1,6906154	110,0000000
733,4117240	1,6905129	116,0000000
733,4561860	1,6904104	115,0000000
733,5006480	1,6903079	114,0000000
733,5451100	1,6902055	116,0000000
733,5895720	1,6901030	114,0000000
733,6340340	1,6900006	117,0000000
733,6784960	1,6898982	118,0000000
733,7229580	1,6897958	116,0000000
733,7674200	1,6896934	115,0000000
733,8118820	1,6895910	116,0000000
733,8563440	1,6894887	112,0000000
733,9008060	1,6893863	117,0000000
733,9452680	1,6892840	119,0000000
733,9897300	1,6891816	113,0000000
734,0341920	1,6890793	116,0000000
734,0786540	1,6889770	121,0000000
734,1231160	1,6888747	118,0000000
734,1675780	1,6887724	117,0000000
734,2120400	1,6886702	119,0000000
734,2565020	1,6885679	113,0000000
734,3009640	1,6884657	110,0000000
734,3454260	1,6883634	113,0000000
734,3898880	1,6882612	111,0000000
734,4343500	1,6881590	114,0000000
734,4788120	1,6880568	112,0000000
734,5232740	1,6879546	117,0000000
734,5677360	1,6878525	114,0000000
734,6121980	1,6877503	110,0000000
734,6566600	1,6876482	112,0000000
734,7011220	1,6875460	111,0000000
734,7455840	1,6874439	119,0000000
734,7900460	1,6873418	115,0000000
734,8345080	1,6872397	115,0000000
734,8789700	1,6871376	112,0000000
734,9234320	1,6870356	118,0000000
734,9678940	1,6869335	116,0000000
735,0123560	1,6868315	119,0000000
735,0568180	1,6867294	110,0000000
735,1012800	1,6866274	113,0000000
735,1457420	1,6865254	111,0000000
735,1902040	1,6864234	117,0000000
735,2346660	1,6863214	106,0000000
735,2791280	1,6862195	113,0000000
735,3235900	1,6861175	117,0000000
735,3680520	1,6860155	117,0000000
735,4125140	1,6859136	112,0000000
735,4569760	1,6858117	114,0000000
735,5014380	1,6857098	110,0000000
735,5459000	1,6856079	115,0000000
735,5903620	1,6855060	114,0000000
735,6348240	1,6854041	112,0000000
735,6792860	1,6853023	117,0000000
735,7237480	1,6852004	113,0000000
735,7682100	1,6850986	123,0000000
735,8126720	1,6849968	119,0000000
735,8571340	1,6848950	120,0000000
735,9015960	1,6847932	114,0000000
735,9460580	1,6846914	112,0000000
735,9905200	1,6845896	114,0000000
736,0349820	1,6844878	111,0000000
736,0794440	1,6843861	117,0000000
736,1239060	1,6842843	121,0000000
736,1683680	1,6841826	119,0000000
736,2128300	1,6840809	115,0000000
736,2572920	1,6839792	111,0000000
736,3017540	1,6838775	112,0000000
736,3462160	1,6837758	119,0000000
736,3906780	1,6836742	113,0000000
736,4351400	1,6835725	120,0000000
736,4796020	1,6834709	115,0000000
736,5240640	1,6833693	114,0000000
736,5685260	1,6832676	125,0000000
736,6129880	1,6831660	118,0000000
736,6574500	1,6830645	112,0000000
736,7019120	1,6829629	108,0000000
736,7463740	1,6828613	115,0000000
736,7908360	1,6827598	113,0000000
736,8352980	1,6826582	126,0000000
736,8797600	1,6825567	113,0000000
736,9242220	1,6824552	117,0000000
736,9686840	1,6823537	116,0000000
737,0131460	1,6822522	118,0000000
737,0576080	1,6821507	119,0000000
737,1020700	1,6820492	114,0000000
737,1465320	1,6819478	114,0000000
737,1909940	1,6818463	112,0000000
737,2354560	1,6817449	111,0000000
737,2799180	1,6816435	112,0000000
737,3243800	1,6815421	112,0000000
737,3688420	1,6814407	120,0000000
737,4133040	1,6813393	123,0000000
737,4577660	1,6812379	117,0000000
737,5022280	1,6811366	114,0000000
737,5466900	1,6810352	114,0000000
737,5911520	1,6809339	118,0000000
737,6356140	1,6808326	115,0000000
737,6800760	1,6807313	114,0000000
737,7245380	1,6806300	120,0000000
737,7690000	1,6805287	117,0000000
737,8134620	1,6804274	116,0000000
737,8579240	1,6803262	110,0000000
737,9023860	1,6802249	115,0000000
737,9468480	1,6801237	115,0000000
737,9913100	1,6800225	116,0000000
738,0357720	1,6799212	104,0000000
738,0802340	1,6798200	111,0000000
738,1246960	1,6797189	111,0000000
738,1691580	1,6796177	119,0000000
738,2136200	1,6795165	119,0000000
738,2580820	1,6794154	113,0000000
738,3025440	1,6793142	106,0000000
738,3470060	1,6792131	116,0000000
738,3914680	1,6791120	118,0000000
738,4359300	1,6790109	118,0000000
738,4803920	1,6789098	109,0000000
738,5248540	1,6788087	115,0000000
738,5693160	1,6787077	112,0000000
738,6137780	1,6786066	123,0000000
738,6582400	1,6785056	118,0000000
738,7027020	1,6784045	115,0000000
738,7471640	1,6783035	113,0000000
738,7916260	1,6782025	116,0000000
738,8360880	1,6781015	122,0000000
738,8805500	1,6780006	111,0000000
738,9250120	1,6778996	116,0000000
738,9694740	1,6777986	117,0000000
739,0139360	1,6776977	114,0000000
739,0583980	1,6775968	115,0000000
739,1028600	1,6774958	111,0000000
739,1473220	1,6773949	115,0000000
739,1917840	1,6772940	110,0000000
739,2362460	1,6771932	116,0000000
739,2807080	1,6770923	109,0000000
739,3251700	1,6769914	117,0000000
739,3696320	1,6768906	114,0000000
739,4140940	1,6767897	116,0000000
739,4585560	1,6766889	109,0000000
739,5030180	1,6765881	113,0000000
739,5474800	1,6764873	111,0000000
739,5919420	1,6763865	114,0000000
739,6364040	1,6762858	115,0000000
739,6808660	1,6761850	120,0000000
739,7253280	1,6760842	115,0000000
739,7697900	1,6759835	114,0000000
739,8142520	1,6758828	108,0000000
739,8587140	1,6757821	114,0000000
739,9031760	1,6756814	118,0000000
739,9476380	1,6755807	115,0000000
739,9921000	1,6754800	116,0000000
740,0365620	1,6753793	118,0000000
740,0810240	1,6752787	112,0000000
740,1254860	1,6751781	116,0000000
740,1699480	1,6750774	113,0000000
740,2144100	1,6749768	111,0000000
740,2588720	1,6748762	115,0000000
740,3033340	1,6747756	119,0000000
740,3477960	1,6746750	112,0000000
740,3922580	1,6745745	115,0000000
740,4367200	1,6744739	119,0000000
740,4811820	1,6743734	117,0000000
740,5256440	1,6742728	117,0000000
740,5701060	1,6741723	110,0000000
740,6145680	1,6740718	114,0000000
740,6590300	1,6739713	114,0000000
740,7034920	1,6738708	113,0000000
740,7479540	1,6737704	110,0000000
740,7924160	1,6736699	112,0000000
740,8368780	1,6735695	114,0000000
740,8813400	1,6734690	114,0000000
740,9258020	1,6733686	119,0000000
740,9702640	1,6732682	121,0000000
741,0147260	1,6731678	114,0000000
741,0591880	1,6730674	111,0000000
741,1036500	1,6729670	108,0000000
741,1481120	1,6728667	110,0000000
741,1925740	1,6727663	118,0000000
741,2370360	1,6726660	119,0000000
741,2814980	1,6725656	122,0000000
741,3259600	1,6724653	113,0000000
741,3704220	1,6723650	117,0000000
741,4148840	1,6722647	112,0000000
741,4593460	1,6721645	115,0000000
741,5038080	1,6720642	120,0000000
741,5482700	1,6719639	113,0000000
741,5927320	1,6718637	115,0000000
741,6371940	1,6717635	115,0000000
741,6816560	1,6716633	113,0000000
741,7261180	1,6715630	111,0000000
741,7705800	1,6714629	118,0000000
741,8150420	1,6713627	121,0000000
741,8595040	1,6712625	117,0000000
741,9039660	1,6711623	116,0000000
741,9484280	1,6710622	113,0000000
741,9928900	1,6709621	111,0000000
742,0373520	1,6708619	115,0000000
742,0818140	1,6707618	113,0000000
742,1262760	1,6706617	115,0000000
742,1707380	1,6705616	115,0000000
742,2152000	1,6704616	114,0000000
742,2596620	1,6703615	113,0000000
742,3041240	1,6702615	114,0000000
742,3485860	1,6701614	119,0000000
742,3930480	1,6700614	118,0000000
742,4375100	1,6699614	113,0000000
742,4819720	1,6698614	118,0000000
742,5264340	1,6697614	114,0000000
742,5708960	1,6696614	111,0000000
742,6153580	1,6695614	109,0000000
742,6598200	1,6694615	113,0000000
742,7042820	1,6693615	113,0000000
742,7487440	1,6692616	108,0000000
742,7932060	1,6691617	119,0000000
742,8376680	1,6690618	116,0000000
742,8821300	1,6689619	111,0000000
742,9265920	1,6688620	114,0000000
742,9710540	1,6687621	113,0000000
743,0155160	1,6686623	120,0000000
743,0599780	1,6685624	113,0000000
743,1044400	1,6684626	112,0000000
743,1489020	1,6683628	107,0000000
743,1933640	1,6682630	114,0000000
743,2378260	1,6681632	119,0000000
743,2822880	1,6680634	114,0000000
743,3267500	1,6679636	118,0000000
743,3712120	1,6678638	122,0000000
743,4156740	1,6677641	110,0000000
743,4601360	1,6676644	115,0000000
743,5045980	1,6675646	115,0000000
743,5490600	1,6674649	112,0000000
743,5935220	1,6673652	109,0000000
743,6379840	1,6672655	116,0000000
743,6824460	1,6671658	112,0000000
743,7269080	1,6670662	111,0000000
743,7713700	1,6669665	113,0000000
743,8158320	1,6668669	116,0000000
743,8602940	1,6667672	114,0000000
743,9047560	1,6666676	108,0000000
743,9492180	1,6665680	106,0000000
743,9936800	1,6664684	111,0000000
744,0381420	1,6663688	112,0000000
744,0826040	1,6662693	111,0000000
744,1270660	1,6661697	111,0000000
744,1715280	1,6660702	114,0000000
744,2159900	1,6659706	115,0000000
744,2604520	1,6658711	111,0000000
744,3049140	1,6657716	112,0000000
744,3493760	1,6656721	124,0000000
744,3938380	1,6655726	113,0000000
744,4383000	1,6654731	107,0000000
744,4827620	1,6653736	117,0000000
744,5272240	1,6652742	117,0000000
744,5716860	1,6651747	118,0000000
744,6161480	1,6650753	117,0000000
744,6606100	1,6649759	118,0000000
744,7050720	1,6648765	111,0000000
744,7495340	1,6647771	114,0000000
744,7939960	1,6646777	120,0000000
744,8384580	1,6645783	113,0000000
744,8829200	1,6644790	114,0000000
744,9273820	1,6643796	108,0000000
744,9718440	1,6642803	111,0000000
745,0163060	1,6641810	117,0000000
745,0607680	1,6640817	118,0000000
745,1052300	1,6639824	115,0000000
745,1496920	1,6638831	117,0000000
745,1941540	1,6637838	112,0000000
745,2386160	1,6636845	122,0000000
745,2830780	1,6635853	119,0000000
745,3275400	1,6634861	111,0000000
745,3720020	1,6633868	120,0000000
745,4164640	1,6632876	110,0000000
745,4609260	1,6631884	113,0000000
745,5053880	1,6630892	119,0000000
745,5498500	1,6629900	116,0000000
745,5943120	1,6628909	116,0000000
745,6387740	1,6627917	113,0000000
745,6832360	1,6626926	120,0000000
745,7276980	1,6625934	121,0000000
745,7721600	1,6624943	116,0000000
745,8166220	1,6623952	119,0000000
745,8610840	1,6622961	115,0000000
745,9055460	1,6621970	115,0000000
745,9500080	1,6620979	116,0000000
745,9944700	1,6619989	122,0000000
746,0389320	1,6618998	117,0000000
746,0833940	1,6618008	117,0000000
746,1278560	1,6617018	113,0000000
746,1723180	1,6616027	112,0000000
746,2167800	1,6615037	107,0000000
746,2612420	1,6614047	111,0000000
746,3057040	1,6613058	120,0000000
746,3501660	1,6612068	115,0000000
746,3946280	1,6611078	117,0000000
746,4390900	1,6610089	111,0000000
746,4835520	1,6609100	118,0000000
746,5280140	1,6608110	119,0000000
746,5724760	1,6607121	120,0000000
746,6169380	1,6606132	117,0000000
746,6614000	1,6605144	116,0000000
746,7058620	1,6604155	117,0000000
746,7503240	1,6603166	115,0000000
746,7947860	1,6602178	109,0000000
746,8392480	1,6601189	112,0000000
746,8837100	1,6600201	110,0000000
746,9281720	1,6599213	115,0000000
746,9726340	1,6598225	117,0000000
747,0170960	1,6597237	121,0000000
747,0615580	1,6596249	118,0000000
747,1060200	1,6595261	119,0000000
747,1504820	1,6594274	113,0000000
747,1949440	1,6593286	118,0000000
747,2394060	1,6592299	110,0000000
747,2838680	1,6591312	117,0000000
747,3283300	1,6590325	112,0000000
747,3727920	1,6589338	122,0000000
747,4172540	1,6588351	112,0000000
747,4617160	1,6587364	113,0000000
747,5061780	1,6586378	112,0000000
747,5506400	1,6585391	113,0000000
747,5951020	1,6584405	113,0000000
747,6395640	1,6583418	114,0000000
747,6840260	1,6582432	126,0000000
747,7284880	1,6581446	113,0000000
747,7729500	1,6580460	120,0000000
747,8174120	1,6579474	115,0000000
747,8618740	1,6578489	111,0000000
747,9063360	1,6577503	116,0000000
747,9507980	1,6576518	117,0000000
747,9952600	1,6575532	116,0000000
748,0397220	1,6574547	111,0000000
748,0841840	1,6573562	111,0000000
748,1286460	1,6572577	117,0000000
748,1731080	1,6571592	117,0000000
748,2175700	1,6570608	118,0000000
748,2620320	1,6569623	120,0000000
748,3064940	1,6568638	116,0000000
748,3509560	1,6567654	116,0000000
748,3954180	1,6566670	115,0000000
748,4398800	1,6565686	115,0000000
748,4843420	1,6564701	113,0000000
748,5288040	1,6563718	115,0000000
748,5732660	1,6562734	115,0000000
748,6177280	1,6561750	118,0000000
748,6621900	1,6560766	116,0000000
748,7066520	1,6559783	110,0000000
748,7511140	1,6558800	113,0000000
748,7955760	1,6557816	121,0000000
748,8400380	1,6556833	127,0000000
748,8845000	1,6555850	115,0000000
748,9289620	1,6554867	115,0000000
748,9734240	1,6553885	115,0000000
749,0178860	1,6552902	113,0000000
749,0623480	1,6551920	115,0000000
749,1068100	1,6550937	113,0000000
749,1512720	1,6549955	121,0000000
749,1957340	1,6548973	123,0000000
749,2401960	1,6547991	123,0000000
749,2846580	1,6547009	120,0000000
749,3291200	1,6546027	118,0000000
749,3735820	1,6545045	121,0000000
749,4180440	1,6544063	119,0000000
749,4625060	1,6543082	120,0000000
749,5069680	1,6542101	116,0000000
749,5514300	1,6541119	113,0000000
749,5958920	1,6540138	111,0000000
749,6403540	1,6539157	118,0000000
749,6848160	1,6538176	123,0000000
749,7292780	1,6537196	117,0000000
749,7737400	1,6536215	113,0000000
749,8182020	1,6535234	112,0000000
749,8626640	1,6534254	114,0000000
749,9071260	1,6533274	117,0000000
749,9515880	1,6532293	120,0000000
749,9960500	1,6531313	119,0000000
750,0405120	1,6530333	113,0000000
750,0849740	1,6529354	116,0000000
750,1294360	1,6528374	109,0000000
750,1738980	1,6527394	120,0000000
750,2183600	1,6526415	123,0000000
750,2628220	1,6525435	117,0000000
750,3072840	1,6524456	114,0000000
750,3517460	1,6523477	117,0000000
750,3962080	1,6522498	114,0000000
750,4406700	1,6521519	118,0000000
750,4851320	1,6520540	124,0000000
750,5295940	1,6519561	119,0000000
750,5740560	1,6518583	112,0000000
750,6185180	1,6517604	113,0000000
750,6629800	1,6516626	114,0000000
750,7074420	1,6515648	120,0000000
750,7519040	1,6514670	120,0000000
750,7963660	1,6513692	118,0000000
750,8408280	1,6512714	113,0000000
750,8852900	1,6511736	113,0000000
750,9297520	1,6510758	122,0000000
750,9742140	1,6509781	124,0000000
751,0186760	1,6508803	120,0000000
751,0631380	1,6507826	119,0000000
751,1076000	1,6506849	120,0000000
751,1520620	1,6505872	117,0000000
751,1965240	1,6504895	113,0000000
751,2409860	1,6503918	110,0000000
751,2854480	1,6502941	111,0000000
751,3299100	1,6501965	113,0000000
751,3743720	1,6500988	116,0000000
751,4188340	1,6500012	119,0000000
751,4632960	1,6499036	120,0000000
751,5077580	1,6498059	119,0000000
751,5522200	1,6497083	116,0000000
751,5966820	1,6496108	117,0000000
751,6411440	1,6495132	112,0000000
751,6856060	1,6494156	112,0000000
751,7300680	1,6493181	119,0000000
751,7745300	1,6492205	121,0000000
751,8189920	1,6491230	115,0000000
751,8634540	1,6490254	119,0000000
751,9079160	1,6489279	118,0000000
751,9523780	1,6488304	114,0000000
751,9968400	1,6487330	115,0000000
752,0413020	1,6486355	117,0000000
752,0857640	1,6485380	123,0000000
752,1302260	1,6484406	123,0000000
752,1746880	1,6483431	112,0000000
752,2191500	1,6482457	120,0000000
752,2636120	1,6481483	123,0000000
752,3080740	1,6480509	121,0000000
752,3525360	1,6479535	116,0000000
752,3969980	1,6478561	117,0000000
752,4414600	1,6477587	117,0000000
752,4859220	1,6476613	123,0000000
752,5303840	1,6475640	121,0000000
752,5748460	1,6474667	121,0000000
752,6193080	1,6473693	115,0000000
752,6637700	1,6472720	119,0000000
752,7082320	1,6471747	115,0000000
752,7526940	1,6470774	119,0000000
752,7971560	1,6469801	110,0000000
752,8416180	1,6468829	113,0000000
752,8860800	1,6467856	123,0000000
752,9305420	1,6466884	122,0000000
752,9750040	1,6465911	129,0000000
753,0194660	1,6464939	128,0000000
753,0639280	1,6463967	120,0000000
753,1083900	1,6462995	122,0000000
753,1528520	1,6462023	120,0000000
753,1973140	1,6461051	123,0000000
753,2417760	1,6460080	127,0000000
753,2862380	1,6459108	126,0000000
753,3307000	1,6458137	123,0000000
753,3751620	1,6457165	116,0000000
753,4196240	1,6456194	119,0000000
753,4640860	1,6455223	134,0000000
753,5085480	1,6454252	123,0000000
753,5530100	1,6453281	128,0000000
753,5974720	1,6452311	125,0000000
753,6419340	1,6451340	131,0000000
753,6863960	1,6450369	119,0000000
753,7308580	1,6449399	122,0000000
753,7753200	1,6448429	128,0000000
753,8197820	1,6447459	122,0000000
753,8642440	1,6446489	122,0000000
753,9087060	1,6445519	130,0000000
753,9531680	1,6444549	132,0000000
753,9976300	1,6443579	133,0000000
754,0420920	1,6442610	127,0000000
754,0865540	1,6441640	131,0000000
754,1310160	1,6440671	120,0000000
754,1754780	1,6439701	129,0000000
754,2199400	1,6438732	131,0000000
754,2644020	1,6437763	127,0000000
754,3088640	1,6436794	128,0000000
754,3533260	1,6435826	128,0000000
754,3977880	1,6434857	129,0000000
754,4422500	1,6433888	129,0000000
754,4867120	1,6432920	127,0000000
754,5311740	1,6431952	130,0000000
754,5756360	1,6430983	122,0000000
754,6200980	1,6430015	137,0000000
754,6645600	1,6429047	136,0000000
754,7090220	1,6428079	136,0000000
754,7534840	1,6427112	133,0000000
754,7979460	1,6426144	130,0000000
754,8424080	1,6425176	124,0000000
754,8868700	1,6424209	136,0000000
754,9313320	1,6423242	139,0000000
754,9757940	1,6422274	138,0000000
755,0202560	1,6421307	145,0000000
755,0647180	1,6420340	142,0000000
755,1091800	1,6419374	144,0000000
755,1536420	1,6418407	145,0000000
755,1981040	1,6417440	163,0000000
755,2425660	1,6416474	146,0000000
755,2870280	1,6415507	148,0000000
755,3314900	1,6414541	139,0000000
755,3759520	1,6413575	144,0000000
755,4204140	1,6412609	153,0000000
755,4648760	1,6411643	154,0000000
755,5093380	1,6410677	155,0000000
755,5538000	1,6409711	137,0000000
755,5982620	1,6408746	157,0000000
755,6427240	1,6407780	151,0000000
755,6871860	1,6406815	160,0000000
755,7316480	1,6405850	171,0000000
755,7761100	1,6404884	167,0000000
755,8205720	1,6403919	176,0000000
755,8650340	1,6402954	164,0000000
755,9094960	1,6401990	160,0000000
755,9539580	1,6401025	171,0000000
755,9984200	1,6400060	182,0000000
756,0428820	1,6399096	173,0000000
756,0873440	1,6398132	166,0000000
756,1318060	1,6397167	165,0000000
756,1762680	1,6396203	175,0000000
756,2207300	1,6395239	175,0000000
756,2651920	1,6394275	179,0000000
756,3096540	1,6393311	163,0000000
756,3541160	1,6392348	182,0000000
756,3985780	1,6391384	202,0000000
756,4430400	1,6390421	168,0000000
756,4875020	1,6389457	186,0000000
756,5319640	1,6388494	179,0000000
756,5764260	1,6387531	191,0000000
756,6208880	1,6386568	180,0000000
756,6653500	1,6385605	176,0000000
756,7098120	1,6384642	195,0000000
756,7542740	1,6383680	200,0000000
756,7987360	1,6382717	200,0000000
756,8431980	1,6381755	177,0000000
756,8876600	1,6380792	200,0000000
756,9321220	1,6379830	177,0000000
756,9765840	1,6378868	189,0000000
757,0210460	1,6377906	176,0000000
757,0655080	1,6376944	184,0000000
757,1099700	1,6375983	186,0000000
757,1544320	1,6375021	193,0000000
757,1988940	1,6374059	182,0000000
757,2433560	1,6373098	171,0000000
757,2878180	1,6372137	187,0000000
757,3322800	1,6371176	172,0000000
757,3767420	1,6370214	186,0000000
757,4212040	1,6369254	184,0000000
757,4656660	1,6368293	178,0000000
757,5101280	1,6367332	188,0000000
757,5545900	1,6366371	194,0000000
757,5990520	1,6365411	189,0000000
757,6435140	1,6364450	171,0000000
757,6879760	1,6363490	182,0000000
757,7324380	1,6362530	169,0000000
757,7769000	1,6361570	177,0000000
757,8213620	1,6360610	190,0000000
757,8658240	1,6359650	180,0000000
757,9102860	1,6358690	149,0000000
757,9547480	1,6357731	181,0000000
757,9992100	1,6356771	177,0000000
758,0436720	1,6355812	185,0000000
758,0881340	1,6354853	189,0000000
758,1325960	1,6353893	169,0000000
758,1770580	1,6352934	183,0000000
758,2215200	1,6351975	187,0000000
758,2659820	1,6351017	173,0000000
758,3104440	1,6350058	184,0000000
758,3549060	1,6349099	189,0000000
758,3993680	1,6348141	182,0000000
758,4438300	1,6347182	169,0000000
758,4882920	1,6346224	187,0000000
758,5327540	1,6345266	191,0000000
758,5772160	1,6344308	200,0000000
758,6216780	1,6343350	200,0000000
758,6661400	1,6342392	190,0000000
758,7106020	1,6341435	193,0000000
758,7550640	1,6340477	191,0000000
758,7995260	1,6339520	204,0000000
758,8439880	1,6338562	219,0000000
758,8884500	1,6337605	229,0000000
758,9329120	1,6336648	239,0000000
758,9773740	1,6335691	254,0000000
759,0218360	1,6334734	249,0000000
759,0662980	1,6333777	273,0000000
759,1107600	1,6332820	260,0000000
759,1552220	1,6331864	277,0000000
759,1996840	1,6330907	283,0000000
759,2441460	1,6329951	302,0000000
759,2886080	1,6328995	312,0000000
759,3330700	1,6328039	320,0000000
759,3775320	1,6327083	335,0000000
759,4219940	1,6326127	313,0000000
759,4664560	1,6325171	366,0000000
759,5109180	1,6324215	393,0000000
759,5553800	1,6323260	389,0000000
759,5998420	1,6322304	403,0000000
759,6443040	1,6321349	428,0000000
759,6887660	1,6320394	484,0000000
759,7332280	1,6319439	544,0000000
759,7776900	1,6318484	551,0000000
759,8221520	1,6317529	587,0000000
759,8666140	1,6316574	635,0000000
759,9110760	1,6315619	684,0000000
759,9555380	1,6314665	743,0000000
760,0000000	1,6313710	733,0000000
760,0444620	1,6312756	806,0000000
760,0889240	1,6311802	878,0000000
760,1333860	1,6310847	933,0000000
760,1778480	1,6309893	1019,0000000
760,2223100	1,6308940	1065,0000000
760,2667720	1,6307986	1223,0000000
760,3112340	1,6307032	1262,0000000
760,3556960	1,6306079	1395,0000000
760,4001580	1,6305125	1542,0000000
760,4446200	1,6304172	1590,0000000
760,4890820	1,6303219	1678,0000000
760,5335440	1,6302265	1828,0000000
760,5780060	1,6301312	2122,0000000
760,6224680	1,6300360	2223,0000000
760,6669300	1,6299407	2398,0000000
760,7113920	1,6298454	2582,0000000
760,7558540	1,6297502	2878,0000000
760,8003160	1,6296549	3169,0000000
760,8447780	1,6295597	3241,0000000
760,8892400	1,6294645	3455,0000000
760,9337020	1,6293692	3680,0000000
760,9781640	1,6292740	4136,0000000
761,0226260	1,6291789	4425,0000000
761,0670880	1,6290837	4764,0000000
761,1115500	1,6289885	5106,0000000
761,1560120	1,6288934	5662,0000000
761,2004740	1,6287982	6054,0000000
761,2449360	1,6287031	6483,0000000
761,2893980	1,6286080	7123,0000000
761,3338600	1,6285128	7655,0000000
761,3783220	1,6284177	8254,0000000
761,4227840	1,6283227	9097,0000000
761,4672460	1,6282276	9899,0000000
761,5117080	1,6281325	10853,0000000
761,5561700	1,6280375	11635,0000000
761,6006320	1,6279424	12670,0000000
761,6450940	1,6278474	13764,0000000
761,6895560	1,6277524	14501,0000000
761,7340180	1,6276573	15147,0000000
761,7784800	1,6275623	16280,0000000
761,8229420	1,6274674	17437,0000000
761,8674040	1,6273724	18625,0000000
761,9118660	1,6272774	19648,0000000
761,9563280	1,6271825	20818,0000000
762,0007900	1,6270875	21887,0000000
762,0452520	1,6269926	22683,0000000
762,0897140	1,6268977	24175,0000000
762,1341760	1,6268027	25287,0000000
762,1786380	1,6267078	27042,0000000
762,2231000	1,6266130	28221,0000000
762,2675620	1,6265181	29392,0000000
762,3120240	1,6264232	30432,0000000
762,3564860	1,6263284	30711,0000000
762,4009480	1,6262335	32255,0000000
762,4454100	1,6261387	32835,0000000
762,4898720	1,6260439	33611,0000000
762,5343340	1,6259490	33470,0000000
762,5787960	1,6258542	33720,0000000
762,6232580	1,6257595	34599,0000000
762,6677200	1,6256647	35687,0000000
762,7121820	1,6255699	35928,0000000
762,7566440	1,6254751	36739,0000000
762,8011060	1,6253804	35761,0000000
762,8455680	1,6252857	35516,0000000
762,8900300	1,6251909	35339,0000000
762,9344920	1,6250962	34953,0000000
762,9789540	1,6250015	33512,0000000
763,0234160	1,6249068	32380,0000000
763,0678780	1,6248122	30878,0000000
763,1123400	1,6247175	30108,0000000
763,1568020	1,6246228	29088,0000000
763,2012640	1,6245282	26758,0000000
763,2457260	1,6244336	25678,0000000
763,2901880	1,6243389	24903,0000000
763,3346500	1,6242443	22992,0000000
763,3791120	1,6241497	20705,0000000
763,4235740	1,6240551	19241,0000000
763,4680360	1,6239605	17759,0000000
763,5124980	1,6238660	16183,0000000
763,5569600	1,6237714	15597,0000000
763,6014220	1,6236769	15058,0000000
763,6458840	1,6235823	14005,0000000
763,6903460	1,6234878	13058,0000000
763,7348080	1,6233933	12016,0000000
763,7792700	1,6232988	10878,0000000
763,8237320	1,6232043	9911,0000000
763,8681940	1,6231098	9337,0000000
763,9126560	1,6230154	8789,0000000
763,9571180	1,6229209	8126,0000000
764,0015800	1,6228264	7277,0000000
764,0460420	1,6227320	6752,0000000
764,0905040	1,6226376	6133,0000000
764,1349660	1,6225432	5679,0000000
764,1794280	1,6224488	5396,0000000
764,2238900	1,6223544	4869,0000000
764,2683520	1,6222600	4665,0000000
764,3128140	1,6221656	4463,0000000
764,3572760	1,6220713	4245,0000000
764,4017380	1,6219769	3963,0000000
764,4462000	1,6218826	3748,0000000
764,4906620	1,6217882	3554,0000000
764,5351240	1,6216939	3474,0000000
764,5795860	1,6215996	3457,0000000
764,6240480	1,6215053	3422,0000000
764,6685100	1,6214110	3258,0000000
764,7129720	1,6213168	3090,0000000
764,7574340	1,6212225	3049,0000000
764,8018960	1,6211283	2794,0000000
764,8463580	1,6210340	2710,0000000
764,8908200	1,6209398	2566,0000000
764,9352820	1,6208456	2468,0000000
764,9797440	1,6207514	2367,0000000
765,0242060	1,6206572	2154,0000000
765,0686680	1,6205630	2087,0000000
765,1131300	1,6204688	1942,0000000
765,1575920	1,6203747	1896,0000000
765,2020540	1,6202805	1861,0000000
765,2465160	1,6201864	1833,0000000
765,2909780	1,6200922	1758,0000000
765,3354400	1,6199981	1714,0000000
765,3799020	1,6199040	1548,0000000
765,4243640	1,6198099	1459,0000000
765,4688260	1,6197158	1381,0000000
765,5132880	1,6196217	1286,0000000
765,5577500	1,6195277	1217,0000000
765,6022120	1,6194336	1107,0000000
765,6466740	1,6193396	1103,0000000
765,6911360	1,6192456	1026,0000000
765,7355980	1,6191515	943,0000000
765,7800600	1,6190575	999,0000000
765,8245220	1,6189635	905,0000000
765,8689840	1,6188695	813,0000000
765,9134460	1,6187756	779,0000000
765,9579080	1,6186816	751,0000000
766,0023700	1,6185876	681,0000000
766,0468320	1,6184937	652,0000000
766,0912940	1,6183998	673,0000000
766,1357560	1,6183058	625,0000000
766,1802180	1,6182119	613,0000000
766,2246800	1,6181180	552,0000000
766,2691420	1,6180241	551,0000000
766,3136040	1,6179303	575,0000000
766,3580660	1,6178364	550,0000000
766,4025280	1,6177425	553,0000000
766,4469900	1,6176487	561,0000000
766,4914520	1,6175549	581,0000000
766,5359140	1,6174610	558,0000000
766,5803760	1,6173672	493,0000000
766,6248380	1,6172734	498,0000000
766,6693000	1,6171796	478,0000000
766,7137620	1,6170858	457,0000000
766,7582240	1,6169921	447,0000000
766,8026860	1,6168983	441,0000000
766,8471480	1,6168046	415,0000000
766,8916100	1,6167108	406,0000000
766,9360720	1,6166171	391,0000000
766,9805340	1,6165234	398,0000000
767,0249960	1,6164297	377,0000000
767,0694580	1,6163360	362,0000000
767,1139200	1,6162423	370,0000000
767,1583820	1,6161486	369,0000000
767,2028440	1,6160550	358,0000000
767,2473060	1,6159613	334,0000000
767,2917680	1,6158677	312,0000000
767,3362300	1,6157741	306,0000000
767,3806920	1,6156804	314,0000000
767,4251540	1,6155868	336,0000000
767,4696160	1,6154932	312,0000000
767,5140780	1,6153996	327,0000000
767,5585400	1,6153061	335,0000000
767,6030020	1,6152125	317,0000000
767,6474640	1,6151190	320,0000000
767,6919260	1,6150254	291,0000000
767,7363880	1,6149319	304,0000000
767,7808500	1,6148384	289,0000000
767,8253120	1,6147449	303,0000000
767,8697740	1,6146514	281,0000000
767,9142360	1,6145579	297,0000000
767,9586980	1,6144644	317,0000000
768,0031600	1,6143709	262,0000000
768,0476220	1,6142775	269,0000000
768,0920840	1,6141840	287,0000000
768,1365460	1,6140906	312,0000000
768,1810080	1,6139972	285,0000000
768,2254700	1,6139038	278,0000000
768,2699320	1,6138104	290,0000000
768,3143940	1,6137170	288,0000000
768,3588560	1,6136236	315,0000000
768,4033180	1,6135302	303,0000000
768,4477800	1,6134369	298,0000000
768,4922420	1,6133435	293,0000000
768,5367040	1,6132502	290,0000000
768,5811660	1,6131568	281,0000000
768,6256280	1,6130635	284,0000000
768,6700900	1,6129702	287,0000000
768,7145520	1,6128769	308,0000000
768,7590140	1,6127837	309,0000000
768,8034760	1,6126904	284,0000000
768,8479380	1,6125971	270,0000000
768,8924000	1,6125039	270,0000000
768,9368620	1,6124106	276,0000000
768,9813240	1,6123174	281,0000000
769,0257860	1,6122242	268,0000000
769,0702480	1,6121310	258,0000000
769,1147100	1,6120378	221,0000000
769,1591720	1,6119446	268,0000000
769,2036340	1,6118514	260,0000000
769,2480960	1,6117583	255,0000000
769,2925580	1,6116651	251,0000000
769,3370200	1,6115720	248,0000000
769,3814820	1,6114788	252,0000000
769,4259440	1,6113857	268,0000000
769,4704060	1,6112926	269,0000000
769,5148680	1,6111995	231,0000000
769,5593300	1,6111064	243,0000000
769,6037920	1,6110133	226,0000000
769,6482540	1,6109203	220,0000000
769,6927160	1,6108272	236,0000000
769,7371780	1,6107342	246,0000000
769,7816400	1,6106411	208,0000000
769,8261020	1,6105481	239,0000000
769,8705640	1,6104551	208,0000000
769,9150260	1,6103621	206,0000000
769,9594880	1,6102691	213,0000000
770,0039500	1,6101761	229,0000000
770,0484120	1,6100831	216,0000000
770,0928740	1,6099902	208,0000000
770,1373360	1,6098972	214,0000000
770,1817980	1,6098043	204,0000000
770,2262600	1,6097114	210,0000000
770,2707220	1,6096185	200,0000000
770,3151840	1,6095255	214,0000000
770,3596460	1,6094327	201,0000000
770,4041080	1,6093398	204,0000000
770,4485700	1,6092469	204,0000000
770,4930320	1,6091540	202,0000000
770,5374940	1,6090612	189,0000000
770,5819560	1,6089683	190,0000000
770,6264180	1,6088755	206,0000000
770,6708800	1,6087827	193,0000000
770,7153420	1,6086899	168,0000000
770,7598040	1,6085971	186,0000000
770,8042660	1,6085043	170,0000000
770,8487280	1,6084115	185,0000000
770,8931900	1,6083187	161,0000000
770,9376520	1,6082260	168,0000000
770,9821140	1,6081332	171,0000000
771,0265760	1,6080405	165,0000000
771,0710380	1,6079478	185,0000000
771,1155000	1,6078551	176,0000000
771,1599620	1,6077624	175,0000000
771,2044240	1,6076697	171,0000000
771,2488860	1,6075770	171,0000000
771,2933480	1,6074843	169,0000000
771,3378100	1,6073917	172,0000000
771,3822720	1,6072990	183,0000000
771,4267340	1,6072064	186,0000000
771,4711960	1,6071138	174,0000000
771,5156580	1,6070211	204,0000000
771,5601200	1,6069285	186,0000000
771,6045820	1,6068359	189,0000000
771,6490440	1,6067434	198,0000000
771,6935060	1,6066508	194,0000000
771,7379680	1,6065582	202,0000000
771,7824300	1,6064657	192,0000000
771,8268920	1,6063731	222,0000000
771,8713540	1,6062806	220,0000000
771,9158160	1,6061881	216,0000000
771,9602780	1,6060956	214,0000000
772,0047400	1,6060031	221,0000000
772,0492020	1,6059106	190,0000000
772,0936640	1,6058181	200,0000000
772,1381260	1,6057256	197,0000000
772,1825880	1,6056332	186,0000000
772,2270500	1,6055407	187,0000000
772,2715120	1,6054483	176,0000000
772,3159740	1,6053559	167,0000000
772,3604360	1,6052634	174,0000000
772,4048980	1,6051710	175,0000000
772,4493600	1,6050786	170,0000000
772,4938220	1,6049863	167,0000000
772,5382840	1,6048939	168,0000000
772,5827460	1,6048015	192,0000000
772,6272080	1,6047092	166,0000000
772,6716700	1,6046168	173,0000000
772,7161320	1,6045245	172,0000000
772,7605940	1,6044322	172,0000000
772,8050560	1,6043399	178,0000000
772,8495180	1,6042476	180,0000000
772,8939800	1,6041553	177,0000000
772,9384420	1,6040630	168,0000000
772,9829040	1,6039708	168,0000000
773,0273660	1,6038785	169,0000000
773,0718280	1,6037863	153,0000000
773,1162900	1,6036940	163,0000000
773,1607520	1,6036018	170,0000000
773,2052140	1,6035096	173,0000000
773,2496760	1,6034174	171,0000000
773,2941380	1,6033252	172,0000000
773,3386000	1,6032330	156,0000000
773,3830620	1,6031408	173,0000000
773,4275240	1,6030487	180,0000000
773,4719860	1,6029565	164,0000000
773,5164480	1,6028644	181,0000000
773,5609100	1,6027723	166,0000000
773,6053720	1,6026801	183,0000000
773,6498340	1,6025880	166,0000000
773,6942960	1,6024959	154,0000000
773,7387580	1,6024039	165,0000000
773,7832200	1,6023118	183,0000000
773,8276820	1,6022197	172,0000000
773,8721440	1,6021277	179,0000000
773,9166060	1,6020356	171,0000000
773,9610680	1,6019436	183,0000000
774,0055300	1,6018516	174,0000000
774,0499920	1,6017596	212,0000000
774,0944540	1,6016676	180,0000000
774,1389160	1,6015756	174,0000000
774,1833780	1,6014836	192,0000000
774,2278400	1,6013916	187,0000000
774,2723020	1,6012997	184,0000000
774,3167640	1,6012077	192,0000000
774,3612260	1,6011158	178,0000000
774,4056880	1,6010238	182,0000000
774,4501500	1,6009319	197,0000000
774,4946120	1,6008400	204,0000000
774,5390740	1,6007481	209,0000000
774,5835360	1,6006562	205,0000000
774,6279980	1,6005644	200,0000000
774,6724600	1,6004725	202,0000000
774,7169220	1,6003806	224,0000000
774,7613840	1,6002888	212,0000000
774,8058460	1,6001970	201,0000000
774,8503080	1,6001052	213,0000000
774,8947700	1,6000133	196,0000000
774,9392320	1,5999215	215,0000000
774,9836940	1,5998298	201,0000000
775,0281560	1,5997380	180,0000000
775,0726180	1,5996462	199,0000000
775,1170800	1,5995544	181,0000000
775,1615420	1,5994627	184,0000000
775,2060040	1,5993710	174,0000000
775,2504660	1,5992792	184,0000000
775,2949280	1,5991875	190,0000000
775,3393900	1,5990958	184,0000000
775,3838520	1,5990041	203,0000000
775,4283140	1,5989124	164,0000000
775,4727760	1,5988208	186,0000000
775,5172380	1,5987291	190,0000000
775,5617000	1,5986374	187,0000000
775,6061620	1,5985458	189,0000000
775,6506240	1,5984542	189,0000000
775,6950860	1,5983625	182,0000000
775,7395480	1,5982709	187,0000000
775,7840100	1,5981793	190,0000000
775,8284720	1,5980877	182,0000000
775,8729340	1,5979962	196,0000000
775,9173960	1,5979046	205,0000000
775,9618580	1,5978130	218,0000000
776,0063200	1,5977215	238,0000000
776,0507820	1,5976299	248,0000000
776,0952440	1,5975384	250,0000000
776,1397060	1,5974469	251,0000000
776,1841680	1,5973554	261,0000000
776,2286300	1,5972639	261,0000000
776,2730920	1,5971724	267,0000000
776,3175540	1,5970809	296,0000000
776,3620160	1,5969895	341,0000000
776,4064780	1,5968980	374,0000000
776,4509400	1,5968066	439,0000000
776,4954020	1,5967151	576,0000000
776,5398640	1,5966237	594,0000000
776,5843260	1,5965323	514,0000000
776,6287880	1,5964409	398,0000000
776,6732500	1,5963495	324,0000000
776,7177120	1,5962581	270,0000000
776,7621740	1,5961668	275,0000000
776,8066360	1,5960754	273,0000000
776,8510980	1,5959841	273,0000000
776,8955600	1,5958927	260,0000000
776,9400220	1,5958014	260,0000000
776,9844840	1,5957101	254,0000000
777,0289460	1,5956188	229,0000000
777,0734080	1,5955275	226,0000000
777,1178700	1,5954362	201,0000000
777,1623320	1,5953449	195,0000000
777,2067940	1,5952536	189,0000000
777,2512560	1,5951624	194,0000000
777,2957180	1,5950711	199,0000000
777,3401800	1,5949799	194,0000000
777,3846420	1,5948887	200,0000000
777,4291040	1,5947975	194,0000000
777,4735660	1,5947063	186,0000000
777,5180280	1,5946151	199,0000000
777,5624900	1,5945239	197,0000000
777,6069520	1,5944327	203,0000000
777,6514140	1,5943416	199,0000000
777,6958760	1,5942504	188,0000000
777,7403380	1,5941593	202,0000000
777,7848000	1,5940681	210,0000000
777,8292620	1,5939770	175,0000000
777,8737240	1,5938859	175,0000000
777,9181860	1,5937948	177,0000000
777,9626480	1,5937037	183,0000000
778,0071100	1,5936126	206,0000000
778,0515720	1,5935216	181,0000000
778,0960340	1,5934305	191,0000000
778,1404960	1,5933395	206,0000000
778,1849580	1,5932484	213,0000000
778,2294200	1,5931574	196,0000000
778,2738820	1,5930664	202,0000000
778,3183440	1,5929754	200,0000000
778,3628060	1,5928844	207,0000000
778,4072680	1,5927934	216,0000000
778,4517300	1,5927024	216,0000000
778,4961920	1,5926115	210,0000000
778,5406540	1,5925205	206,0000000
778,5851160	1,5924296	210,0000000
778,6295780	1,5923386	205,0000000
778,6740400	1,5922477	191,0000000
778,7185020	1,5921568	196,0000000
778,7629640	1,5920659	185,0000000
778,8074260	1,5919750	189,0000000
778,8518880	1,5918841	189,0000000
778,8963500	1,5917933	194,0000000
778,9408120	1,5917024	172,0000000
778,9852740	1,5916116	171,0000000
779,0297360	1,5915207	181,0000000
779,0741980	1,5914299	165,0000000
779,1186600	1,5913391	166,0000000
779,1631220	1,5912483	186,0000000
779,2075840	1,5911575	199,0000000
779,2520460	1,5910667	176,0000000
779,2965080	1,5909759	157,0000000
779,3409700	1,5908851	167,0000000
779,3854320	1,5907944	169,0000000
779,4298940	1,5907036	165,0000000
779,4743560	1,5906129	186,0000000
779,5188180	1,5905222	175,0000000
779,5632800	1,5904315	156,0000000
779,6077420	1,5903408	167,0000000
779,6522040	1,5902501	162,0000000
779,6966660	1,5901594	173,0000000
779,7411280	1,5900687	182,0000000
779,7855900	1,5899780	168,0000000
779,8300520	1,5898874	167,0000000
779,8745140	1,5897968	163,0000000
779,9189760	1,5897061	163,0000000
779,9634380	1,5896155	166,0000000
780,0079000	1,5895249	175,0000000
780,0523620	1,5894343	172,0000000
780,0968240	1,5893437	163,0000000
780,1412860	1,5892531	155,0000000
780,1857480	1,5891625	165,0000000
780,2302100	1,5890720	167,0000000
780,2746720	1,5889814	170,0000000
780,3191340	1,5888909	157,0000000
780,3635960	1,5888004	159,0000000
780,4080580	1,5887099	161,0000000
780,4525200	1,5886193	159,0000000
780,4969820	1,5885288	167,0000000
780,5414440	1,5884384	155,0000000
780,5859060	1,5883479	158,0000000
780,6303680	1,5882574	157,0000000
780,6748300	1,5881670	154,0000000
780,7192920	1,5880765	161,0000000
780,7637540	1,5879861	147,0000000
780,8082160	1,5878957	142,0000000
780,8526780	1,5878052	146,0000000
780,8971400	1,5877148	158,0000000
780,9416020	1,5876244	148,0000000
780,9860640	1,5875341	156,0000000
781,0305260	1,5874437	162,0000000
781,0749880	1,5873533	143,0000000
781,1194500	1,5872630	151,0000000
781,1639120	1,5871726	150,0000000
781,2083740	1,5870823	152,0000000
781,2528360	1,5869920	156,0000000
781,2972980	1,5869016	154,0000000
781,3417600	1,5868113	160,0000000
781,3862220	1,5867211	157,0000000
781,4306840	1,5866308	159,0000000
781,4751460	1,5865405	161,0000000
781,5196080	1,5864502	152,0000000
781,5640700	1,5863600	147,0000000
781,6085320	1,5862697	168,0000000
781,6529940	1,5861795	164,0000000
781,6974560	1,5860893	152,0000000
781,7419180	1,5859991	147,0000000
781,7863800	1,5859089	148,0000000
781,8308420	1,5858187	143,0000000
781,8753040	1,5857285	149,0000000
781,9197660	1,5856384	142,0000000
781,9642280	1,5855482	157,0000000
782,0086900	1,5854580	149,0000000
782,0531520	1,5853679	154,0000000
782,0976140	1,5852778	133,0000000
782,1420760	1,5851877	143,0000000
782,1865380	1,5850976	156,0000000
782,2310000	1,5850075	164,0000000
782,2754620	1,5849174	143,0000000
782,3199240	1,5848273	147,0000000
782,3643860	1,5847372	136,0000000
782,4088480	1,5846472	154,0000000
782,4533100	1,5845571	145,0000000
782,4977720	1,5844671	147,0000000
782,5422340	1,5843771	158,0000000
782,5866960	1,5842871	162,0000000
782,6311580	1,5841970	160,0000000
782,6756200	1,5841071	150,0000000
782,7200820	1,5840171	152,0000000
782,7645440	1,5839271	144,0000000
782,8090060	1,5838371	146,0000000
782,8534680	1,5837472	162,0000000
782,8979300	1,5836572	151,0000000
782,9423920	1,5835673	154,0000000
782,9868540	1,5834774	163,0000000
783,0313160	1,5833875	152,0000000
783,0757780	1,5832976	150,0000000
783,1202400	1,5832077	155,0000000
783,1647020	1,5831178	151,0000000
783,2091640	1,5830279	144,0000000
783,2536260	1,5829381	155,0000000
783,2980880	1,5828482	153,0000000
783,3425500	1,5827584	151,0000000
783,3870120	1,5826685	151,0000000
783,4314740	1,5825787	153,0000000
783,4759360	1,5824889	147,0000000
783,5203980	1,5823991	147,0000000
783,5648600	1,5823093	155,0000000
783,6093220	1,5822195	138,0000000
783,6537840	1,5821298	141,0000000
783,6982460	1,5820400	160,0000000
783,7427080	1,5819502	147,0000000
783,7871700	1,5818605	152,0000000
783,8316320	1,5817708	143,0000000
783,8760940	1,5816811	146,0000000
783,9205560	1,5815913	142,0000000
783,9650180	1,5815017	155,0000000
784,0094800	1,5814120	140,0000000
784,0539420	1,5813223	139,0000000
784,0984040	1,5812326	141,0000000
784,1428660	1,5811430	132,0000000
784,1873280	1,5810533	148,0000000
784,2317900	1,5809637	142,0000000
784,2762520	1,5808740	154,0000000
784,3207140	1,5807844	148,0000000
784,3651760	1,5806948	131,0000000
784,4096380	1,5806052	150,0000000
784,4541000	1,5805156	153,0000000
784,4985620	1,5804261	147,0000000
784,5430240	1,5803365	151,0000000
784,5874860	1,5802469	143,0000000
784,6319480	1,5801574	132,0000000
784,6764100	1,5800679	131,0000000
784,7208720	1,5799783	134,0000000
784,7653340	1,5798888	142,0000000
784,8097960	1,5797993	134,0000000
784,8542580	1,5797098	137,0000000
784,8987200	1,5796203	145,0000000
784,9431820	1,5795308	129,0000000
784,9876440	1,5794414	130,0000000
785,0321060	1,5793519	134,0000000
785,0765680	1,5792625	121,0000000
785,1210300	1,5791730	126,0000000
785,1654920	1,5790836	123,0000000
785,2099540	1,5789942	134,0000000
785,2544160	1,5789048	131,0000000
785,2988780	1,5788154	129,0000000
785,3433400	1,5787260	123,0000000
785,3878020	1,5786367	124,0000000
785,4322640	1,5785473	118,0000000
785,4767260	1,5784579	126,0000000
785,5211880	1,5783686	122,0000000
785,5656500	1,5782793	115,0000000
785,6101120	1,5781899	119,0000000
785,6545740	1,5781006	121,0000000
785,6990360	1,5780113	135,0000000
785,7434980	1,5779220	115,0000000
785,7879600	1,5778327	119,0000000
785,8324220	1,5777435	116,0000000
785,8768840	1,5776542	121,0000000
785,9213460	1,5775650	126,0000000
785,9658080	1,5774757	127,0000000
786,0102700	1,5773865	122,0000000
786,0547320	1,5772973	119,0000000
786,0991940	1,5772080	117,0000000
786,1436560	1,5771188	121,0000000
786,1881180	1,5770296	115,0000000
786,2325800	1,5769405	115,0000000
786,2770420	1,5768513	117,0000000
786,3215040	1,5767621	123,0000000
786,3659660	1,5766730	124,0000000
786,4104280	1,5765838	129,0000000
786,4548900	1,5764947	114,0000000
786,4993520	1,5764056	121,0000000
786,5438140	1,5763165	123,0000000
786,5882760	1,5762274	125,0000000
786,6327380	1,5761383	121,0000000
786,6772000	1,5760492	123,0000000
786,7216620	1,5759601	117,0000000
786,7661240	1,5758711	117,0000000
786,8105860	1,5757820	114,0000000
786,8550480	1,5756930	117,0000000
786,8995100	1,5756039	128,0000000
786,9439720	1,5755149	131,0000000
786,9884340	1,5754259	122,0000000
787,0328960	1,5753369	123,0000000
787,0773580	1,5752479	117,0000000
787,1218200	1,5751589	115,0000000
787,1662820	1,5750700	121,0000000
787,2107440	1,5749810	122,0000000
787,2552060	1,5748921	114,0000000
787,2996680	1,5748031	117,0000000
787,3441300	1,5747142	121,0000000
787,3885920	1,5746253	124,0000000
787,4330540	1,5745364	124,0000000
787,4775160	1,5744475	127,0000000
787,5219780	1,5743586	119,0000000
787,5664400	1,5742697	119,0000000
787,6109020	1,5741808	119,0000000
787,6553640	1,5740920	119,0000000
787,6998260	1,5740031	119,0000000
787,7442880	1,5739143	128,0000000
787,7887500	1,5738254	116,0000000
787,8332120	1,5737366	121,0000000
787,8776740	1,5736478	122,0000000
787,9221360	1,5735590	120,0000000
787,9665980	1,5734702	118,0000000
788,0110600	1,5733814	114,0000000
788,0555220	1,5732927	117,0000000
788,0999840	1,5732039	125,0000000
788,1444460	1,5731152	127,0000000
788,1889080	1,5730264	120,0000000
788,2333700	1,5729377	120,0000000
788,2778320	1,5728490	120,0000000
788,3222940	1,5727603	121,0000000
788,3667560	1,5726716	116,0000000
788,4112180	1,5725829	120,0000000
788,4556800	1,5724942	126,0000000
788,5001420	1,5724055	117,0000000
788,5446040	1,5723169	114,0000000
788,5890660	1,5722282	123,0000000
788,6335280	1,5721396	120,0000000
788,6779900	1,5720509	128,0000000
788,7224520	1,5719623	131,0000000
788,7669140	1,5718737	123,0000000
788,8113760	1,5717851	118,0000000
788,8558380	1,5716965	123,0000000
788,9003000	1,5716079	122,0000000
788,9447620	1,5715194	122,0000000
788,9892240	1,5714308	120,0000000
789,0336860	1,5713423	124,0000000
789,0781480	1,5712537	117,0000000
789,1226100	1,5711652	119,0000000
789,1670720	1,5710767	126,0000000
789,2115340	1,5709882	132,0000000
789,2559960	1,5708997	120,0000000
789,3004580	1,5708112	115,0000000
789,3449200	1,5707227	123,0000000
789,3893820	1,5706342	119,0000000
789,4338440	1,5705458	121,0000000
789,4783060	1,5704573	123,0000000
789,5227680	1,5703689	117,0000000
789,5672300	1,5702804	128,0000000
789,6116920	1,5701920	130,0000000
789,6561540	1,5701036	117,0000000
789,7006160	1,5700152	113,0000000
789,4000000	1,6313710	122,0000000
