735,2104600	1,6863769	117,0000000
735,2549220	1,6862750	127,0000000
735,2993840	1,6861730	125,0000000
735,3438460	1,6860710	121,0000000
735,3883080	1,6859691	115,0000000
735,4327700	1,6858672	116,0000000
735,4772320	1,6857653	117,0000000
735,5216940	1,6856634	120,0000000
735,5661560	1,6855615	124,0000000
735,6106180	1,6854596	126,0000000
735,6550800	1,6853577	116,0000000
735,6995420	1,6852559	119,0000000
735,7440040	1,6851540	115,0000000
735,7884660	1,6850522	125,0000000
735,8329280	1,6849504	131,0000000
735,8773900	1,6848486	130,0000000
735,9218520	1,6847468	129,0000000
735,9663140	1,6846450	121,0000000
736,0107760	1,6845432	122,0000000
736,0552380	1,6844415	133,0000000
736,0997000	1,6843397	130,0000000
736,1441620	1,6842380	128,0000000
736,1886240	1,6841363	124,0000000
736,2330860	1,6840346	129,0000000
736,2775480	1,6839329	120,0000000
736,3220100	1,6838312	125,0000000
736,3664720	1,6837295	121,0000000
736,4109340	1,6836279	116,0000000
736,4553960	1,6835262	128,0000000
736,4998580	1,6834246	122,0000000
736,5443200	1,6833230	129,0000000
736,5887820	1,6832214	115,0000000
736,6332440	1,6831198	126,0000000
736,6777060	1,6830182	127,0000000
736,7221680	1,6829166	120,0000000
736,7666300	1,6828150	122,0000000
736,8110920	1,6827135	124,0000000
736,8555540	1,6826120	122,0000000
736,9000160	1,6825104	128,0000000
736,9444780	1,6824089	116,0000000
736,9889400	1,6823074	126,0000000
737,0334020	1,6822059	125,0000000
737,0778640	1,6821045	124,0000000
737,1223260	1,6820030	129,0000000
737,1667880	1,6819016	134,0000000
737,2112500	1,6818001	132,0000000
737,2557120	1,6816987	120,0000000
737,3001740	1,6815973	118,0000000
737,3446360	1,6814959	123,0000000
737,3890980	1,6813945	118,0000000
737,4335600	1,6812931	116,0000000
737,4780220	1,6811918	119,0000000
737,5224840	1,6810904	124,0000000
737,5669460	1,6809891	121,0000000
737,6114080	1,6808877	128,0000000
737,6558700	1,6807864	123,0000000
737,7003320	1,6806851	124,0000000
737,7447940	1,6805838	131,0000000
737,7892560	1,6804825	131,0000000
737,8337180	1,6803813	128,0000000
737,8781800	1,6802800	132,0000000
737,9226420	1,6801788	125,0000000
737,9671040	1,6800776	129,0000000
738,0115660	1,6799763	121,0000000
738,0560280	1,6798751	119,0000000
738,1004900	1,6797739	118,0000000
738,1449520	1,6796728	126,0000000
738,1894140	1,6795716	130,0000000
738,2338760	1,6794704	124,0000000
738,2783380	1,6793693	117,0000000
738,3228000	1,6792682	120,0000000
738,3672620	1,6791670	121,0000000
738,4117240	1,6790659	119,0000000
738,4561860	1,6789648	128,0000000
738,5006480	1,6788638	120,0000000
738,5451100	1,6787627	121,0000000
738,5895720	1,6786616	126,0000000
738,6340340	1,6785606	125,0000000
738,6784960	1,6784595	120,0000000
738,7229580	1,6783585	126,0000000
738,7674200	1,6782575	125,0000000
738,8118820	1,6781565	130,0000000
738,8563440	1,6780555	132,0000000
738,9008060	1,6779546	119,0000000
738,9452680	1,6778536	126,0000000
738,9897300	1,6777526	130,0000000
739,0341920	1,6776517	122,0000000
739,0786540	1,6775508	111,0000000
739,1231160	1,6774499	118,0000000
739,1675780	1,6773490	122,0000000
739,2120400	1,6772481	122,0000000
739,2565020	1,6771472	125,0000000
739,3009640	1,6770463	122,0000000
739,3454260	1,6769455	123,0000000
739,3898880	1,6768446	121,0000000
739,4343500	1,6767438	122,0000000
739,4788120	1,6766430	130,0000000
739,5232740	1,6765422	124,0000000
739,5677360	1,6764414	124,0000000
739,6121980	1,6763406	123,0000000
739,6566600	1,6762399	129,0000000
739,7011220	1,6761391	128,0000000
739,7455840	1,6760384	119,0000000
739,7900460	1,6759376	121,0000000
739,8345080	1,6758369	121,0000000
739,8789700	1,6757362	125,0000000
739,9234320	1,6756355	118,0000000
739,9678940	1,6755348	123,0000000
740,0123560	1,6754341	128,0000000
740,0568180	1,6753335	124,0000000
740,1012800	1,6752328	123,0000000
740,1457420	1,6751322	122,0000000
740,1902040	1,6750316	119,0000000
740,2346660	1,6749310	125,0000000
740,2791280	1,6748304	115,0000000
740,3235900	1,6747298	116,0000000
740,3680520	1,6746292	119,0000000
740,4125140	1,6745287	116,0000000
740,4569760	1,6744281	129,0000000
740,5014380	1,6743276	121,0000000
740,5459000	1,6742270	121,0000000
740,5903620	1,6741265	120,0000000
740,6348240	1,6740260	118,0000000
740,6792860	1,6739255	118,0000000
740,7237480	1,6738251	123,0000000
740,7682100	1,6737246	133,0000000
740,8126720	1,6736241	119,0000000
740,8571340	1,6735237	125,0000000
740,9015960	1,6734233	122,0000000
740,9460580	1,6733229	125,0000000
740,9905200	1,6732224	122,0000000
741,0349820	1,6731221	119,0000000
741,0794440	1,6730217	125,0000000
741,1239060	1,6729213	128,0000000
741,1683680	1,6728209	117,0000000
741,2128300	1,6727206	119,0000000
741,2572920	1,6726203	122,0000000
741,3017540	1,6725199	118,0000000
741,3462160	1,6724196	126,0000000
741,3906780	1,6723193	123,0000000
741,4351400	1,6722191	122,0000000
741,4796020	1,6721188	115,0000000
741,5240640	1,6720185	124,0000000
741,5685260	1,6719183	124,0000000
741,6129880	1,6718180	120,0000000
741,6574500	1,6717178	115,0000000
741,7019120	1,6716176	114,0000000
741,7463740	1,6715174	126,0000000
741,7908360	1,6714172	125,0000000
741,8352980	1,6713170	121,0000000
741,8797600	1,6712169	120,0000000
741,9242220	1,6711167	118,0000000
741,9686840	1,6710166	123,0000000
742,0131460	1,6709164	125,0000000
742,0576080	1,6708163	122,0000000
742,1020700	1,6707162	122,0000000
742,1465320	1,6706161	126,0000000
742,1909940	1,6705161	121,0000000
742,2354560	1,6704160	125,0000000
742,2799180	1,6703159	121,0000000
742,3243800	1,6702159	117,0000000
742,3688420	1,6701159	117,0000000
742,4133040	1,6700158	122,0000000
742,4577660	1,6699158	119,0000000
742,5022280	1,6698158	118,0000000
742,5466900	1,6697158	124,0000000
742,5911520	1,6696159	120,0000000
742,6356140	1,6695159	129,0000000
742,6800760	1,6694160	128,0000000
742,7245380	1,6693160	121,0000000
742,7690000	1,6692161	117,0000000
742,8134620	1,6691162	124,0000000
742,8579240	1,6690163	118,0000000
742,9023860	1,6689164	122,0000000
742,9468480	1,6688165	123,0000000
742,9913100	1,6687167	122,0000000
743,0357720	1,6686168	113,0000000
743,0802340	1,6685170	122,0000000
743,1246960	1,6684171	119,0000000
743,1691580	1,6683173	123,0000000
743,2136200	1,6682175	119,0000000
743,2580820	1,6681177	117,0000000
743,3025440	1,6680179	125,0000000
743,3470060	1,6679182	123,0000000
743,3914680	1,6678184	130,0000000
743,4359300	1,6677187	123,0000000
743,4803920	1,6676189	125,0000000
743,5248540	1,6675192	126,0000000
743,5693160	1,6674195	121,0000000
743,6137780	1,6673198	119,0000000
743,6582400	1,6672201	121,0000000
743,7027020	1,6671204	129,0000000
743,7471640	1,6670208	123,0000000
743,7916260	1,6669211	116,0000000
743,8360880	1,6668215	117,0000000
743,8805500	1,6667219	121,0000000
743,9250120	1,6666222	121,0000000
743,9694740	1,6665226	124,0000000
744,0139360	1,6664230	116,0000000
744,0583980	1,6663235	122,0000000
744,1028600	1,6662239	126,0000000
744,1473220	1,6661243	131,0000000
744,1917840	1,6660248	127,0000000
744,2362460	1,6659253	115,0000000
744,2807080	1,6658258	122,0000000
744,3251700	1,6657262	120,0000000
744,3696320	1,6656267	122,0000000
744,4140940	1,6655273	123,0000000
744,4585560	1,6654278	123,0000000
744,5030180	1,6653283	120,0000000
744,5474800	1,6652289	128,0000000
744,5919420	1,6651294	133,0000000
744,6364040	1,6650300	118,0000000
744,6808660	1,6649306	117,0000000
744,7253280	1,6648312	119,0000000
744,7697900	1,6647318	126,0000000
744,8142520	1,6646324	122,0000000
744,8587140	1,6645331	121,0000000
744,9031760	1,6644337	123,0000000
744,9476380	1,6643344	119,0000000
744,9921000	1,6642351	120,0000000
745,0365620	1,6641357	125,0000000
745,0810240	1,6640364	126,0000000
745,1254860	1,6639371	119,0000000
745,1699480	1,6638379	118,0000000
745,2144100	1,6637386	133,0000000
745,2588720	1,6636393	124,0000000
745,3033340	1,6635401	122,0000000
745,3477960	1,6634408	120,0000000
745,3922580	1,6633416	121,0000000
745,4367200	1,6632424	120,0000000
745,4811820	1,6631432	130,0000000
745,5256440	1,6630440	130,0000000
745,5701060	1,6629449	118,0000000
745,6145680	1,6628457	117,0000000
745,6590300	1,6627465	133,0000000
745,7034920	1,6626474	129,0000000
745,7479540	1,6625483	119,0000000
745,7924160	1,6624492	123,0000000
745,8368780	1,6623500	128,0000000
745,8813400	1,6622510	125,0000000
745,9258020	1,6621519	124,0000000
745,9702640	1,6620528	121,0000000
746,0147260	1,6619537	122,0000000
746,0591880	1,6618547	124,0000000
746,1036500	1,6617557	124,0000000
746,1481120	1,6616566	130,0000000
746,1925740	1,6615576	124,0000000
746,2370360	1,6614586	128,0000000
746,2814980	1,6613597	125,0000000
746,3259600	1,6612607	125,0000000
746,3704220	1,6611617	123,0000000
746,4148840	1,6610628	121,0000000
746,4593460	1,6609638	124,0000000
746,5038080	1,6608649	119,0000000
746,5482700	1,6607660	123,0000000
746,5927320	1,6606671	119,0000000
746,6371940	1,6605682	125,0000000
746,6816560	1,6604693	125,0000000
746,7261180	1,6603704	129,0000000
746,7705800	1,6602716	120,0000000
746,8150420	1,6601727	122,0000000
746,8595040	1,6600739	126,0000000
746,9039660	1,6599751	126,0000000
746,9484280	1,6598763	124,0000000
746,9928900	1,6597775	126,0000000
747,0373520	1,6596787	126,0000000
747,0818140	1,6595799	112,0000000
747,1262760	1,6594811	128,0000000
747,1707380	1,6593824	126,0000000
747,2152000	1,6592837	127,0000000
747,2596620	1,6591849	123,0000000
747,3041240	1,6590862	118,0000000
747,3485860	1,6589875	128,0000000
747,3930480	1,6588888	124,0000000
747,4375100	1,6587901	121,0000000
747,4819720	1,6586915	125,0000000
747,5264340	1,6585928	127,0000000
747,5708960	1,6584942	132,0000000
747,6153580	1,6583955	126,0000000
747,6598200	1,6582969	130,0000000
747,7042820	1,6581983	120,0000000
747,7487440	1,6580997	119,0000000
747,7932060	1,6580011	124,0000000
747,8376680	1,6579025	119,0000000
747,8821300	1,6578040	125,0000000
747,9265920	1,6577054	127,0000000
747,9710540	1,6576069	125,0000000
748,0155160	1,6575084	127,0000000
748,0599780	1,6574098	125,0000000
748,1044400	1,6573113	120,0000000
748,1489020	1,6572128	125,0000000
748,1933640	1,6571144	128,0000000
748,2378260	1,6570159	133,0000000
748,2822880	1,6569174	124,0000000
748,3267500	1,6568190	125,0000000
748,3712120	1,6567206	128,0000000
748,4156740	1,6566221	118,0000000
748,4601360	1,6565237	124,0000000
748,5045980	1,6564253	129,0000000
748,5490600	1,6563269	120,0000000
748,5935220	1,6562286	122,0000000
748,6379840	1,6561302	117,0000000
748,6824460	1,6560318	122,0000000
748,7269080	1,6559335	119,0000000
748,7713700	1,6558352	123,0000000
748,8158320	1,6557369	129,0000000
748,8602940	1,6556385	120,0000000
748,9047560	1,6555403	124,0000000
748,9492180	1,6554420	123,0000000
748,9936800	1,6553437	120,0000000
749,0381420	1,6552454	126,0000000
749,0826040	1,6551472	126,0000000
749,1270660	1,6550490	122,0000000
749,1715280	1,6549507	135,0000000
749,2159900	1,6548525	131,0000000
749,2604520	1,6547543	126,0000000
749,3049140	1,6546561	120,0000000
749,3493760	1,6545580	120,0000000
749,3938380	1,6544598	129,0000000
749,4383000	1,6543616	117,0000000
749,4827620	1,6542635	130,0000000
749,5272240	1,6541654	130,0000000
749,5716860	1,6540672	127,0000000
749,6161480	1,6539691	128,0000000
749,6606100	1,6538710	119,0000000
749,7050720	1,6537730	121,0000000
749,7495340	1,6536749	123,0000000
749,7939960	1,6535768	129,0000000
749,8384580	1,6534788	123,0000000
749,8829200	1,6533807	126,0000000
749,9273820	1,6532827	116,0000000
749,9718440	1,6531847	121,0000000
750,0163060	1,6530867	117,0000000
750,0607680	1,6529887	123,0000000
750,1052300	1,6528907	126,0000000
750,1496920	1,6527927	130,0000000
750,1941540	1,6526948	121,0000000
750,2386160	1,6525968	126,0000000
750,2830780	1,6524989	124,0000000
750,3275400	1,6524010	125,0000000
750,3720020	1,6523031	116,0000000
750,4164640	1,6522052	128,0000000
750,4609260	1,6521073	124,0000000
750,5053880	1,6520094	135,0000000
750,5498500	1,6519116	132,0000000
750,5943120	1,6518137	125,0000000
750,6387740	1,6517159	121,0000000
750,6832360	1,6516180	120,0000000
750,7276980	1,6515202	130,0000000
750,7721600	1,6514224	123,0000000
750,8166220	1,6513246	120,0000000
750,8610840	1,6512268	130,0000000
750,9055460	1,6511291	130,0000000
750,9500080	1,6510313	123,0000000
750,9944700	1,6509336	114,0000000
751,0389320	1,6508358	122,0000000
751,0833940	1,6507381	127,0000000
751,1278560	1,6506404	130,0000000
751,1723180	1,6505427	124,0000000
751,2167800	1,6504450	128,0000000
751,2612420	1,6503473	136,0000000
751,3057040	1,6502496	127,0000000
751,3501660	1,6501520	124,0000000
751,3946280	1,6500543	130,0000000
751,4390900	1,6499567	129,0000000
751,4835520	1,6498591	128,0000000
751,5280140	1,6497615	125,0000000
751,5724760	1,6496639	117,0000000
751,6169380	1,6495663	127,0000000
751,6614000	1,6494687	126,0000000
751,7058620	1,6493712	132,0000000
751,7503240	1,6492736	132,0000000
751,7947860	1,6491761	131,0000000
751,8392480	1,6490785	129,0000000
751,8837100	1,6489810	124,0000000
751,9281720	1,6488835	119,0000000
751,9726340	1,6487860	138,0000000
752,0170960	1,6486885	126,0000000
752,0615580	1,6485911	126,0000000
752,1060200	1,6484936	127,0000000
752,1504820	1,6483962	136,0000000
752,1949440	1,6482987	137,0000000
752,2394060	1,6482013	142,0000000
752,2838680	1,6481039	131,0000000
752,3283300	1,6480065	140,0000000
752,3727920	1,6479091	134,0000000
752,4172540	1,6478117	128,0000000
752,4617160	1,6477144	128,0000000
752,5061780	1,6476170	130,0000000
752,5506400	1,6475197	132,0000000
752,5951020	1,6474223	115,0000000
752,6395640	1,6473250	130,0000000
752,6840260	1,6472277	125,0000000
752,7284880	1,6471304	129,0000000
752,7729500	1,6470331	126,0000000
752,8174120	1,6469358	132,0000000
752,8618740	1,6468386	125,0000000
752,9063360	1,6467413	130,0000000
752,9507980	1,6466441	129,0000000
752,9952600	1,6465468	130,0000000
753,0397220	1,6464496	144,0000000
753,0841840	1,6463524	136,0000000
753,1286460	1,6462552	139,0000000
753,1731080	1,6461580	133,0000000
753,2175700	1,6460609	136,0000000
753,2620320	1,6459637	135,0000000
753,3064940	1,6458666	127,0000000
753,3509560	1,6457694	142,0000000
753,3954180	1,6456723	144,0000000
753,4398800	1,6455752	134,0000000
753,4843420	1,6454781	136,0000000
753,5288040	1,6453810	135,0000000
753,5732660	1,6452839	143,0000000
753,6177280	1,6451868	144,0000000
753,6621900	1,6450898	143,0000000
753,7066520	1,6449927	135,0000000
753,7511140	1,6448957	137,0000000
753,7955760	1,6447987	145,0000000
753,8400380	1,6447017	145,0000000
753,8845000	1,6446047	142,0000000
753,9289620	1,6445077	140,0000000
753,9734240	1,6444107	138,0000000
754,0178860	1,6443137	147,0000000
754,0623480	1,6442168	147,0000000
754,1068100	1,6441198	153,0000000
754,1512720	1,6440229	138,0000000
754,1957340	1,6439260	152,0000000
754,2401960	1,6438291	146,0000000
754,2846580	1,6437322	144,0000000
754,3291200	1,6436353	138,0000000
754,3735820	1,6435384	148,0000000
754,4180440	1,6434416	157,0000000
754,4625060	1,6433447	152,0000000
754,5069680	1,6432479	154,0000000
754,5514300	1,6431510	144,0000000
754,5958920	1,6430542	145,0000000
754,6403540	1,6429574	172,0000000
754,6848160	1,6428606	152,0000000
754,7292780	1,6427638	137,0000000
754,7737400	1,6426671	149,0000000
754,8182020	1,6425703	158,0000000
754,8626640	1,6424736	156,0000000
754,9071260	1,6423768	142,0000000
754,9515880	1,6422801	154,0000000
754,9960500	1,6421834	163,0000000
755,0405120	1,6420867	169,0000000
755,0849740	1,6419900	161,0000000
755,1294360	1,6418933	159,0000000
755,1738980	1,6417966	165,0000000
755,2183600	1,6417000	169,0000000
755,2628220	1,6416033	165,0000000
755,3072840	1,6415067	157,0000000
755,3517460	1,6414101	168,0000000
755,3962080	1,6413135	160,0000000
755,4406700	1,6412169	171,0000000
755,4851320	1,6411203	163,0000000
755,5295940	1,6410237	174,0000000
755,5740560	1,6409271	173,0000000
755,6185180	1,6408306	163,0000000
755,6629800	1,6407340	163,0000000
755,7074420	1,6406375	164,0000000
755,7519040	1,6405410	182,0000000
755,7963660	1,6404445	178,0000000
755,8408280	1,6403480	169,0000000
755,8852900	1,6402515	174,0000000
755,9297520	1,6401550	173,0000000
755,9742140	1,6400585	179,0000000
756,0186760	1,6399621	164,0000000
756,0631380	1,6398657	170,0000000
756,1076000	1,6397692	188,0000000
756,1520620	1,6396728	167,0000000
756,1965240	1,6395764	171,0000000
756,2409860	1,6394800	163,0000000
756,2854480	1,6393836	164,0000000
756,3299100	1,6392872	164,0000000
756,3743720	1,6391909	167,0000000
756,4188340	1,6390945	174,0000000
756,4632960	1,6389982	171,0000000
756,5077580	1,6389019	180,0000000
756,5522200	1,6388055	184,0000000
756,5966820	1,6387092	172,0000000
756,6411440	1,6386129	176,0000000
756,6856060	1,6385167	179,0000000
756,7300680	1,6384204	191,0000000
756,7745300	1,6383241	173,0000000
756,8189920	1,6382279	173,0000000
756,8634540	1,6381316	174,0000000
756,9079160	1,6380354	164,0000000
756,9523780	1,6379392	154,0000000
756,9968400	1,6378430	168,0000000
757,0413020	1,6377468	162,0000000
757,0857640	1,6376506	173,0000000
757,1302260	1,6375544	178,0000000
757,1746880	1,6374583	175,0000000
757,2191500	1,6373621	185,0000000
757,2636120	1,6372660	165,0000000
757,3080740	1,6371699	185,0000000
757,3525360	1,6370738	176,0000000
757,3969980	1,6369777	186,0000000
757,4414600	1,6368816	173,0000000
757,4859220	1,6367855	192,0000000
757,5303840	1,6366894	189,0000000
757,5748460	1,6365934	171,0000000
757,6193080	1,6364973	177,0000000
757,6637700	1,6364013	175,0000000
757,7082320	1,6363053	184,0000000
757,7526940	1,6362093	164,0000000
757,7971560	1,6361133	185,0000000
757,8416180	1,6360173	205,0000000
757,8860800	1,6359213	188,0000000
757,9305420	1,6358253	178,0000000
757,9750040	1,6357294	180,0000000
758,0194660	1,6356334	200,0000000
758,0639280	1,6355375	193,0000000
758,1083900	1,6354416	208,0000000
758,1528520	1,6353457	213,0000000
758,1973140	1,6352498	224,0000000
758,2417760	1,6351539	211,0000000
758,2862380	1,6350580	242,0000000
758,3307000	1,6349621	235,0000000
758,3751620	1,6348663	225,0000000
758,4196240	1,6347704	246,0000000
758,4640860	1,6346746	228,0000000
758,5085480	1,6345788	256,0000000
758,5530100	1,6344830	269,0000000
758,5974720	1,6343872	270,0000000
758,6419340	1,6342914	270,0000000
758,6863960	1,6341956	293,0000000
758,7308580	1,6340998	316,0000000
758,7753200	1,6340041	306,0000000
758,8197820	1,6339083	331,0000000
758,8642440	1,6338126	359,0000000
758,9087060	1,6337169	348,0000000
758,9531680	1,6336212	360,0000000
758,9976300	1,6335255	385,0000000
759,0420920	1,6334298	383,0000000
759,0865540	1,6333341	417,0000000
759,1310160	1,6332385	460,0000000
759,1754780	1,6331428	503,0000000
759,2199400	1,6330472	522,0000000
759,2644020	1,6329515	537,0000000
759,3088640	1,6328559	565,0000000
759,3533260	1,6327603	572,0000000
759,3977880	1,6326647	668,0000000
759,4422500	1,6325691	709,0000000
759,4867120	1,6324736	760,0000000
759,5311740	1,6323780	765,0000000
759,5756360	1,6322824	828,0000000
759,6200980	1,6321869	920,0000000
759,6645600	1,6320914	1014,0000000
759,7090220	1,6319958	1042,0000000
759,7534840	1,6319003	1141,0000000
759,7979460	1,6318048	1158,0000000
759,8424080	1,6317094	1252,0000000
759,8868700	1,6316139	1330,0000000
759,9313320	1,6315184	1464,0000000
759,9757940	1,6314230	1616,0000000
760,0202560	1,6313275	1681,0000000
760,0647180	1,6312321	1851,0000000
760,1091800	1,6311367	1893,0000000
760,1536420	1,6310413	2169,0000000
760,1981040	1,6309459	2308,0000000
760,2425660	1,6308505	2454,0000000
760,2870280	1,6307551	2648,0000000
760,3314900	1,6306598	2867,0000000
760,3759520	1,6305644	3119,0000000
760,4204140	1,6304691	3350,0000000
760,4648760	1,6303737	3701,0000000
760,5093380	1,6302784	3849,0000000
760,5538000	1,6301831	4113,0000000
760,5982620	1,6300878	4431,0000000
760,6427240	1,6299925	4775,0000000
760,6871860	1,6298973	5096,0000000
760,7316480	1,6298020	5427,0000000
760,7761100	1,6297068	5738,0000000
760,8205720	1,6296115	5955,0000000
760,8650340	1,6295163	6541,0000000
760,9094960	1,6294211	7052,0000000
760,9539580	1,6293259	7421,0000000
760,9984200	1,6292307	7859,0000000
761,0428820	1,6291355	8438,0000000
761,0873440	1,6290403	9150,0000000
761,1318060	1,6289452	9700,0000000
761,1762680	1,6288500	9972,0000000
761,2207300	1,6287549	10858,0000000
761,2651920	1,6286597	11462,0000000
761,3096540	1,6285646	11738,0000000
761,3541160	1,6284695	12374,0000000
761,3985780	1,6283744	12637,0000000
761,4430400	1,6282793	13180,0000000
761,4875020	1,6281843	13579,0000000
761,5319640	1,6280892	13941,0000000
761,5764260	1,6279942	14592,0000000
761,6208880	1,6278991	15036,0000000
761,6653500	1,6278041	15318,0000000
761,7098120	1,6277091	15363,0000000
761,7542740	1,6276141	15371,0000000
761,7987360	1,6275191	15266,0000000
761,8431980	1,6274241	15452,0000000
761,8876600	1,6273291	15387,0000000
761,9321220	1,6272342	15546,0000000
761,9765840	1,6271392	15009,0000000
762,0210460	1,6270443	14320,0000000
762,0655080	1,6269493	13698,0000000
762,1099700	1,6268544	13143,0000000
762,1544320	1,6267595	12807,0000000
762,1988940	1,6266646	12414,0000000
762,2433560	1,6265697	12401,0000000
762,2878180	1,6264749	11926,0000000
762,3322800	1,6263800	10853,0000000
762,3767420	1,6262851	10083,0000000
762,4212040	1,6261903	9438,0000000
762,4656660	1,6260955	9016,0000000
762,5101280	1,6260007	8499,0000000
762,5545900	1,6259059	7917,0000000
762,5990520	1,6258111	7337,0000000
762,6435140	1,6257163	6861,0000000
762,6879760	1,6256215	6477,0000000
762,7324380	1,6255267	5950,0000000
762,7769000	1,6254320	5655,0000000
762,8213620	1,6253372	4898,0000000
762,8658240	1,6252425	4449,0000000
762,9102860	1,6251478	4089,0000000
762,9547480	1,6250531	4104,0000000
762,9992100	1,6249584	3850,0000000
763,0436720	1,6248637	3661,0000000
763,0881340	1,6247690	3480,0000000
763,1325960	1,6246744	3124,0000000
763,1770580	1,6245797	2927,0000000
763,2215200	1,6244851	2775,0000000
763,2659820	1,6243904	2571,0000000
763,3104440	1,6242958	2290,0000000
763,3549060	1,6242012	2199,0000000
763,3993680	1,6241066	2145,0000000
763,4438300	1,6240120	1983,0000000
763,4882920	1,6239175	1837,0000000
763,5327540	1,6238229	1763,0000000
763,5772160	1,6237283	1613,0000000
763,6216780	1,6236338	1620,0000000
763,6661400	1,6235393	1588,0000000
763,7106020	1,6234448	1442,0000000
763,7550640	1,6233502	1424,0000000
763,7995260	1,6232557	1354,0000000
763,8439880	1,6231613	1307,0000000
763,8884500	1,6230668	1321,0000000
763,9329120	1,6229723	1292,0000000
763,9773740	1,6228779	1341,0000000
764,0218360	1,6227834	1217,0000000
764,0662980	1,6226890	1134,0000000
764,1107600	1,6225946	1029,0000000
764,1552220	1,6225002	1062,0000000
764,1996840	1,6224058	1019,0000000
764,2441460	1,6223114	1038,0000000
764,2886080	1,6222170	936,0000000
764,3330700	1,6221226	914,0000000
764,3775320	1,6220283	859,0000000
764,4219940	1,6219339	879,0000000
764,4664560	1,6218396	863,0000000
764,5109180	1,6217453	802,0000000
764,5553800	1,6216510	758,0000000
764,5998420	1,6215567	721,0000000
764,6443040	1,6214624	715,0000000
764,6887660	1,6213681	684,0000000
764,7332280	1,6212738	625,0000000
764,7776900	1,6211796	634,0000000
764,8221520	1,6210853	641,0000000
764,8666140	1,6209911	624,0000000
764,9110760	1,6208969	611,0000000
764,9555380	1,6208027	607,0000000
765,0000000	1,6207085	538,0000000
765,0444620	1,6206143	526,0000000
765,0889240	1,6205201	517,0000000
765,1333860	1,6204259	465,0000000
765,1778480	1,6203318	478,0000000
765,2223100	1,6202376	458,0000000
765,2667720	1,6201435	470,0000000
765,3112340	1,6200494	428,0000000
765,3556960	1,6199552	423,0000000
765,4001580	1,6198611	424,0000000
765,4446200	1,6197670	412,0000000
765,4890820	1,6196730	382,0000000
765,5335440	1,6195789	414,0000000
765,5780060	1,6194848	383,0000000
765,6224680	1,6193908	390,0000000
765,6669300	1,6192967	381,0000000
765,7113920	1,6192027	392,0000000
765,7558540	1,6191087	386,0000000
765,8003160	1,6190147	391,0000000
765,8447780	1,6189207	361,0000000
765,8892400	1,6188267	336,0000000
765,9337020	1,6187328	350,0000000
765,9781640	1,6186388	343,0000000
766,0226260	1,6185448	353,0000000
766,0670880	1,6184509	302,0000000
766,1115500	1,6183570	297,0000000
766,1560120	1,6182631	307,0000000
766,2004740	1,6181692	320,0000000
766,2449360	1,6180753	307,0000000
766,2893980	1,6179814	343,0000000
766,3338600	1,6178875	337,0000000
766,3783220	1,6177936	334,0000000
766,4227840	1,6176998	343,0000000
766,4672460	1,6176059	332,0000000
766,5117080	1,6175121	350,0000000
766,5561700	1,6174183	316,0000000
766,6006320	1,6173245	304,0000000
766,6450940	1,6172307	278,0000000
766,6895560	1,6171369	274,0000000
766,7340180	1,6170431	285,0000000
766,7784800	1,6169494	241,0000000
766,8229420	1,6168556	270,0000000
766,8674040	1,6167619	231,0000000
766,9118660	1,6166681	249,0000000
766,9563280	1,6165744	242,0000000
767,0007900	1,6164807	231,0000000
767,0452520	1,6163870	250,0000000
767,0897140	1,6162933	251,0000000
767,1341760	1,6161996	259,0000000
767,1786380	1,6161060	229,0000000
767,2231000	1,6160123	251,0000000
767,2675620	1,6159187	226,0000000
767,3120240	1,6158250	233,0000000
767,3564860	1,6157314	240,0000000
767,4009480	1,6156378	244,0000000
767,4454100	1,6155442	225,0000000
767,4898720	1,6154506	225,0000000
767,5343340	1,6153570	216,0000000
767,5787960	1,6152634	233,0000000
767,6232580	1,6151699	209,0000000
767,6677200	1,6150763	211,0000000
767,7121820	1,6149828	209,0000000
767,7566440	1,6148893	221,0000000
767,8011060	1,6147958	248,0000000
767,8455680	1,6147023	224,0000000
767,8900300	1,6146088	227,0000000
767,9344920	1,6145153	247,0000000
767,9789540	1,6144218	239,0000000
768,0234160	1,6143283	229,0000000
768,0678780	1,6142349	214,0000000
768,1123400	1,6141415	211,0000000
768,1568020	1,6140480	224,0000000
768,2012640	1,6139546	206,0000000
768,2457260	1,6138612	219,0000000
768,2901880	1,6137678	223,0000000
768,3346500	1,6136744	238,0000000
768,3791120	1,6135810	216,0000000
768,4235740	1,6134877	195,0000000
768,4680360	1,6133943	188,0000000
768,5124980	1,6133010	200,0000000
768,5569600	1,6132077	205,0000000
768,6014220	1,6131143	191,0000000
768,6458840	1,6130210	194,0000000
768,6903460	1,6129277	223,0000000
768,7348080	1,6128344	202,0000000
768,7792700	1,6127412	221,0000000
768,8237320	1,6126479	231,0000000
768,8681940	1,6125546	223,0000000
768,9126560	1,6124614	226,0000000
768,9571180	1,6123682	211,0000000
769,0015800	1,6122749	221,0000000
769,0460420	1,6121817	233,0000000
769,0905040	1,6120885	227,0000000
769,1349660	1,6119953	229,0000000
769,1794280	1,6119021	199,0000000
769,2238900	1,6118090	216,0000000
769,2683520	1,6117158	193,0000000
769,3128140	1,6116227	188,0000000
769,3572760	1,6115295	217,0000000
769,4017380	1,6114364	198,0000000
769,4462000	1,6113433	204,0000000
769,4906620	1,6112502	196,0000000
769,5351240	1,6111571	196,0000000
769,5795860	1,6110640	226,0000000
769,6240480	1,6109709	207,0000000
769,6685100	1,6108779	218,0000000
769,7129720	1,6107848	204,0000000
769,7574340	1,6106918	211,0000000
769,8018960	1,6105987	211,0000000
769,8463580	1,6105057	214,0000000
769,8908200	1,6104127	217,0000000
769,9352820	1,6103197	238,0000000
769,9797440	1,6102267	211,0000000
770,0242060	1,6101338	208,0000000
770,0686680	1,6100408	225,0000000
770,1131300	1,6099478	235,0000000
770,1575920	1,6098549	213,0000000
770,2020540	1,6097620	221,0000000
770,2465160	1,6096690	226,0000000
770,2909780	1,6095761	229,0000000
770,3354400	1,6094832	226,0000000
770,3799020	1,6093903	223,0000000
770,4243640	1,6092975	247,0000000
770,4688260	1,6092046	233,0000000
770,5132880	1,6091117	225,0000000
770,5577500	1,6090189	267,0000000
770,6022120	1,6089260	261,0000000
770,6466740	1,6088332	230,0000000
770,6911360	1,6087404	195,0000000
770,7355980	1,6086476	207,0000000
770,7800600	1,6085548	196,0000000
770,8245220	1,6084620	213,0000000
770,8689840	1,6083693	204,0000000
770,9134460	1,6082765	193,0000000
770,9579080	1,6081837	192,0000000
771,0023700	1,6080910	211,0000000
771,0468320	1,6079983	195,0000000
771,0912940	1,6079055	197,0000000
771,1357560	1,6078128	186,0000000
771,1802180	1,6077201	210,0000000
771,2246800	1,6076275	225,0000000
771,2691420	1,6075348	236,0000000
771,3136040	1,6074421	206,0000000
771,3580660	1,6073495	186,0000000
771,4025280	1,6072568	210,0000000
771,4469900	1,6071642	196,0000000
771,4914520	1,6070716	198,0000000
771,5359140	1,6069789	189,0000000
771,5803760	1,6068863	207,0000000
771,6248380	1,6067938	206,0000000
771,6693000	1,6067012	224,0000000
771,7137620	1,6066086	210,0000000
771,7582240	1,6065160	250,0000000
771,8026860	1,6064235	250,0000000
771,8471480	1,6063310	252,0000000
771,8916100	1,6062384	260,0000000
771,9360720	1,6061459	239,0000000
771,9805340	1,6060534	206,0000000
772,0249960	1,6059609	196,0000000
772,0694580	1,6058684	219,0000000
772,1139200	1,6057760	186,0000000
772,1583820	1,6056835	183,0000000
772,2028440	1,6055910	194,0000000
772,2473060	1,6054986	198,0000000
772,2917680	1,6054062	185,0000000
772,3362300	1,6053138	189,0000000
772,3806920	1,6052213	187,0000000
772,4251540	1,6051289	201,0000000
772,4696160	1,6050366	193,0000000
772,5140780	1,6049442	196,0000000
772,5585400	1,6048518	226,0000000
772,6030020	1,6047595	206,0000000
772,6474640	1,6046671	213,0000000
772,6919260	1,6045748	238,0000000
772,7363880	1,6044824	220,0000000
772,7808500	1,6043901	207,0000000
772,8253120	1,6042978	191,0000000
772,8697740	1,6042055	229,0000000
772,9142360	1,6041133	215,0000000
772,9586980	1,6040210	205,0000000
773,0031600	1,6039287	188,0000000
773,0476220	1,6038365	177,0000000
773,0920840	1,6037442	186,0000000
773,1365460	1,6036520	203,0000000
773,1810080	1,6035598	208,0000000
773,2254700	1,6034676	200,0000000
773,2699320	1,6033754	196,0000000
773,3143940	1,6032832	197,0000000
773,3588560	1,6031910	205,0000000
773,4033180	1,6030989	202,0000000
773,4477800	1,6030067	192,0000000
773,4922420	1,6029146	185,0000000
773,5367040	1,6028224	207,0000000
773,5811660	1,6027303	187,0000000
773,6256280	1,6026382	187,0000000
773,6700900	1,6025461	193,0000000
773,7145520	1,6024540	202,0000000
773,7590140	1,6023619	203,0000000
773,8034760	1,6022698	202,0000000
773,8479380	1,6021778	188,0000000
773,8924000	1,6020857	184,0000000
773,9368620	1,6019937	182,0000000
773,9813240	1,6019017	222,0000000
774,0257860	1,6018096	207,0000000
774,0702480	1,6017176	191,0000000
774,1147100	1,6016256	207,0000000
774,1591720	1,6015337	201,0000000
774,2036340	1,6014417	204,0000000
774,2480960	1,6013497	194,0000000
774,2925580	1,6012578	198,0000000
774,3370200	1,6011658	204,0000000
774,3814820	1,6010739	204,0000000
774,4259440	1,6009820	190,0000000
774,4704060	1,6008901	186,0000000
774,5148680	1,6007982	185,0000000
774,5593300	1,6007063	193,0000000
774,6037920	1,6006144	204,0000000
774,6482540	1,6005225	193,0000000
774,6927160	1,6004307	196,0000000
774,7371780	1,6003388	186,0000000
774,7816400	1,6002470	200,0000000
774,8261020	1,6001551	178,0000000
774,8705640	1,6000633	181,0000000
774,9150260	1,5999715	181,0000000
774,9594880	1,5998797	201,0000000
775,0039500	1,5997879	202,0000000
775,0484120	1,5996962	198,0000000
775,0928740	1,5996044	192,0000000
775,1373360	1,5995126	201,0000000
775,1817980	1,5994209	216,0000000
775,2262600	1,5993292	207,0000000
775,2707220	1,5992374	189,0000000
775,3151840	1,5991457	200,0000000
775,3596460	1,5990540	202,0000000
775,4041080	1,5989623	207,0000000
775,4485700	1,5988707	209,0000000
775,4930320	1,5987790	191,0000000
775,5374940	1,5986873	214,0000000
775,5819560	1,5985957	204,0000000
775,6264180	1,5985040	202,0000000
775,6708800	1,5984124	211,0000000
775,7153420	1,5983208	213,0000000
775,7598040	1,5982292	245,0000000
775,8042660	1,5981376	254,0000000
775,8487280	1,5980460	226,0000000
775,8931900	1,5979544	242,0000000
775,9376520	1,5978629	238,0000000
775,9821140	1,5977713	197,0000000
776,0265760	1,5976798	222,0000000
776,0710380	1,5975882	226,0000000
776,1155000	1,5974967	221,0000000
776,1599620	1,5974052	186,0000000
776,2044240	1,5973137	192,0000000
776,2488860	1,5972222	207,0000000
776,2933480	1,5971307	199,0000000
776,3378100	1,5970393	203,0000000
776,3822720	1,5969478	204,0000000
776,4267340	1,5968564	198,0000000
776,4711960	1,5967649	196,0000000
776,5156580	1,5966735	197,0000000
776,5601200	1,5965821	189,0000000
776,6045820	1,5964907	169,0000000
776,6490440	1,5963993	183,0000000
776,6935060	1,5963079	159,0000000
776,7379680	1,5962165	167,0000000
776,7824300	1,5961251	190,0000000
776,8268920	1,5960338	169,0000000
776,8713540	1,5959424	163,0000000
776,9158160	1,5958511	175,0000000
776,9602780	1,5957598	159,0000000
777,0047400	1,5956685	162,0000000
777,0492020	1,5955772	173,0000000
777,0936640	1,5954859	150,0000000
777,1381260	1,5953946	169,0000000
777,1825880	1,5953033	176,0000000
777,2270500	1,5952121	161,0000000
777,2715120	1,5951208	172,0000000
777,3159740	1,5950296	163,0000000
777,3604360	1,5949383	151,0000000
777,4048980	1,5948471	155,0000000
777,4493600	1,5947559	160,0000000
777,4938220	1,5946647	164,0000000
777,5382840	1,5945735	172,0000000
777,5827460	1,5944824	165,0000000
777,6272080	1,5943912	147,0000000
777,6716700	1,5943000	161,0000000
777,7161320	1,5942089	167,0000000
777,7605940	1,5941178	154,0000000
777,8050560	1,5940266	161,0000000
777,8495180	1,5939355	183,0000000
777,8939800	1,5938444	170,0000000
777,9384420	1,5937533	165,0000000
777,9829040	1,5936622	172,0000000
778,0273660	1,5935712	164,0000000
778,0718280	1,5934801	181,0000000
778,1162900	1,5933890	163,0000000
778,1607520	1,5932980	167,0000000
778,2052140	1,5932070	161,0000000
778,2496760	1,5931159	163,0000000
778,2941380	1,5930249	175,0000000
778,3386000	1,5929339	186,0000000
778,3830620	1,5928429	168,0000000
778,4275240	1,5927520	180,0000000
778,4719860	1,5926610	182,0000000
778,5164480	1,5925700	166,0000000
778,5609100	1,5924791	175,0000000
778,6053720	1,5923882	166,0000000
778,6498340	1,5922972	165,0000000
778,6942960	1,5922063	171,0000000
778,7387580	1,5921154	168,0000000
778,7832200	1,5920245	165,0000000
778,8276820	1,5919336	177,0000000
778,8721440	1,5918427	172,0000000
778,9166060	1,5917519	171,0000000
778,9610680	1,5916610	173,0000000
779,0055300	1,5915702	156,0000000
779,0499920	1,5914793	156,0000000
779,0944540	1,5913885	174,0000000
779,1389160	1,5912977	166,0000000
779,1833780	1,5912069	159,0000000
779,2278400	1,5911161	162,0000000
779,2723020	1,5910253	169,0000000
779,3167640	1,5909346	167,0000000
779,3612260	1,5908438	169,0000000
779,4056880	1,5907530	161,0000000
779,4501500	1,5906623	163,0000000
779,4946120	1,5905716	168,0000000
779,5390740	1,5904809	158,0000000
779,5835360	1,5903901	166,0000000
779,6279980	1,5902994	158,0000000
779,6724600	1,5902088	160,0000000
779,7169220	1,5901181	158,0000000
779,7613840	1,5900274	183,0000000
779,8058460	1,5899367	145,0000000
779,8503080	1,5898461	173,0000000
779,8947700	1,5897555	169,0000000
779,9392320	1,5896648	170,0000000
779,9836940	1,5895742	172,0000000
780,0281560	1,5894836	162,0000000
780,0726180	1,5893930	163,0000000
780,1170800	1,5893024	166,0000000
780,1615420	1,5892119	155,0000000
780,2060040	1,5891213	175,0000000
780,2504660	1,5890307	152,0000000
780,2949280	1,5889402	155,0000000
780,3393900	1,5888497	164,0000000
780,3838520	1,5887591	163,0000000
780,4283140	1,5886686	158,0000000
780,4727760	1,5885781	162,0000000
780,5172380	1,5884876	154,0000000
780,5617000	1,5883971	160,0000000
780,6061620	1,5883067	141,0000000
780,6506240	1,5882162	142,0000000
780,6950860	1,5881258	158,0000000
780,7395480	1,5880353	150,0000000
780,7840100	1,5879449	147,0000000
780,8284720	1,5878545	149,0000000
780,8729340	1,5877640	157,0000000
780,9173960	1,5876736	151,0000000
780,9618580	1,5875833	151,0000000
781,0063200	1,5874929	156,0000000
781,0507820	1,5874025	163,0000000
781,0952440	1,5873121	161,0000000
781,1397060	1,5872218	154,0000000
781,1841680	1,5871315	160,0000000
781,2286300	1,5870411	158,0000000
781,2730920	1,5869508	165,0000000
781,3175540	1,5868605	160,0000000
781,3620160	1,5867702	157,0000000
781,4064780	1,5866799	156,0000000
781,4509400	1,5865896	164,0000000
781,4954020	1,5864994	177,0000000
781,5398640	1,5864091	169,0000000
781,5843260	1,5863189	176,0000000
781,6287880	1,5862286	152,0000000
781,6732500	1,5861384	156,0000000
781,7177120	1,5860482	173,0000000
781,7621740	1,5859580	157,0000000
781,8066360	1,5858678	167,0000000
781,8510980	1,5857776	160,0000000
781,8955600	1,5856874	180,0000000
781,9400220	1,5855973	177,0000000
781,9844840	1,5855071	164,0000000
782,0289460	1,5854170	182,0000000
782,0734080	1,5853268	169,0000000
782,1178700	1,5852367	163,0000000
782,1623320	1,5851466	159,0000000
782,2067940	1,5850565	174,0000000
782,2512560	1,5849664	166,0000000
782,2957180	1,5848763	171,0000000
782,3401800	1,5847863	164,0000000
782,3846420	1,5846962	149,0000000
782,4291040	1,5846061	163,0000000
782,4735660	1,5845161	156,0000000
782,5180280	1,5844261	156,0000000
782,5624900	1,5843361	155,0000000
782,6069520	1,5842460	152,0000000
782,6514140	1,5841560	153,0000000
782,6958760	1,5840661	172,0000000
782,7403380	1,5839761	156,0000000
782,7848000	1,5838861	156,0000000
782,8292620	1,5837961	160,0000000
782,8737240	1,5837062	153,0000000
782,9181860	1,5836163	150,0000000
782,9626480	1,5835263	155,0000000
783,0071100	1,5834364	146,0000000
783,0515720	1,5833465	150,0000000
783,0960340	1,5832566	172,0000000
783,1404960	1,5831667	153,0000000
783,1849580	1,5830768	142,0000000
783,2294200	1,5829870	143,0000000
783,2738820	1,5828971	142,0000000
783,3183440	1,5828073	147,0000000
783,3628060	1,5827174	158,0000000
783,4072680	1,5826276	150,0000000
783,4517300	1,5825378	147,0000000
783,4961920	1,5824480	147,0000000
783,5406540	1,5823582	140,0000000
783,5851160	1,5822684	145,0000000
783,6295780	1,5821786	134,0000000
783,6740400	1,5820889	132,0000000
783,7185020	1,5819991	136,0000000
783,7629640	1,5819094	129,0000000
783,8074260	1,5818196	139,0000000
783,8518880	1,5817299	129,0000000
783,8963500	1,5816402	133,0000000
783,9408120	1,5815505	140,0000000
783,9852740	1,5814608	135,0000000
784,0297360	1,5813711	129,0000000
784,0741980	1,5812814	127,0000000
784,1186600	1,5811918	137,0000000
784,1631220	1,5811021	140,0000000
784,2075840	1,5810125	133,0000000
784,2520460	1,5809228	135,0000000
784,2965080	1,5808332	136,0000000
784,3409700	1,5807436	143,0000000
784,3854320	1,5806540	135,0000000
784,4298940	1,5805644	130,0000000
784,4743560	1,5804748	122,0000000
784,5188180	1,5803853	141,0000000
784,5632800	1,5802957	144,0000000
784,6077420	1,5802061	141,0000000
784,6522040	1,5801166	128,0000000
784,6966660	1,5800271	134,0000000
784,7411280	1,5799375	128,0000000
784,7855900	1,5798480	133,0000000
784,8300520	1,5797585	147,0000000
784,8745140	1,5796690	137,0000000
784,9189760	1,5795796	143,0000000
784,9634380	1,5794901	140,0000000
785,0079000	1,5794006	154,0000000
785,0523620	1,5793112	144,0000000
785,0968240	1,5792217	130,0000000
785,1412860	1,5791323	144,0000000
785,1857480	1,5790429	141,0000000
785,2302100	1,5789535	139,0000000
785,2746720	1,5788641	137,0000000
785,3191340	1,5787747	136,0000000
785,3635960	1,5786853	138,0000000
785,4080580	1,5785959	133,0000000
785,4525200	1,5785066	125,0000000
785,4969820	1,5784172	137,0000000
785,5414440	1,5783279	121,0000000
785,5859060	1,5782386	125,0000000
785,6303680	1,5781492	123,0000000
785,6748300	1,5780599	125,0000000
785,7192920	1,5779706	130,0000000
785,7637540	1,5778813	126,0000000
785,8082160	1,5777921	123,0000000
785,8526780	1,5777028	125,0000000
785,8971400	1,5776135	127,0000000
785,9416020	1,5775243	142,0000000
785,9860640	1,5774351	129,0000000
786,0305260	1,5773458	125,0000000
786,0749880	1,5772566	139,0000000
786,1194500	1,5771674	130,0000000
786,1639120	1,5770782	135,0000000
786,2083740	1,5769890	129,0000000
786,2528360	1,5768998	130,0000000
786,2972980	1,5768107	131,0000000
786,3417600	1,5767215	138,0000000
786,3862220	1,5766324	136,0000000
786,4306840	1,5765432	138,0000000
786,4751460	1,5764541	134,0000000
786,5196080	1,5763650	123,0000000
786,5640700	1,5762759	129,0000000
786,6085320	1,5761868	125,0000000
786,6529940	1,5760977	127,0000000
786,6974560	1,5760086	137,0000000
786,7419180	1,5759196	127,0000000
786,7863800	1,5758305	134,0000000
786,8308420	1,5757414	135,0000000
786,8753040	1,5756524	139,0000000
786,9197660	1,5755634	129,0000000
786,9642280	1,5754744	126,0000000
787,0086900	1,5753854	131,0000000
787,0531520	1,5752964	120,0000000
787,0976140	1,5752074	129,0000000
787,1420760	1,5751184	142,0000000
787,1865380	1,5750294	131,0000000
787,2310000	1,5749405	136,0000000
787,2754620	1,5748515	127,0000000
787,3199240	1,5747626	140,0000000
787,3643860	1,5746737	138,0000000
787,4088480	1,5745848	133,0000000
787,4533100	1,5744959	132,0000000
787,4977720	1,5744070	128,0000000
787,5422340	1,5743181	126,0000000
787,5866960	1,5742292	138,0000000
787,6311580	1,5741403	137,0000000
787,6756200	1,5740515	141,0000000
787,7200820	1,5739626	131,0000000
787,7645440	1,5738738	134,0000000
787,8090060	1,5737850	137,0000000
787,8534680	1,5736962	150,0000000
787,8979300	1,5736073	143,0000000
787,9423920	1,5735185	133,0000000
787,9868540	1,5734298	138,0000000
788,0313160	1,5733410	133,0000000
788,0757780	1,5732522	138,0000000
788,1202400	1,5731635	135,0000000
788,1647020	1,5730747	123,0000000
788,2091640	1,5729860	129,0000000
788,2536260	1,5728973	129,0000000
788,2980880	1,5728085	132,0000000
788,3425500	1,5727198	138,0000000
788,3870120	1,5726311	131,0000000
788,4314740	1,5725425	131,0000000
788,4759360	1,5724538	136,0000000
788,5203980	1,5723651	131,0000000
788,5648600	1,5722765	132,0000000
788,6093220	1,5721878	140,0000000
788,6537840	1,5720992	134,0000000
788,6982460	1,5720106	135,0000000
788,7427080	1,5719219	141,0000000
788,7871700	1,5718333	137,0000000
788,8316320	1,5717447	141,0000000
788,8760940	1,5716562	132,0000000
788,9205560	1,5715676	136,0000000
788,9650180	1,5714790	140,0000000
789,0094800	1,5713905	141,0000000
789,0539420	1,5713019	139,0000000
789,0984040	1,5712134	152,0000000
789,1428660	1,5711249	137,0000000
789,1873280	1,5710363	137,0000000
789,2317900	1,5709478	147,0000000
789,2762520	1,5708593	144,0000000
789,3207140	1,5707709	147,0000000
789,3651760	1,5706824	139,0000000
789,4096380	1,5705939	134,0000000
789,4541000	1,5705055	144,0000000
789,4985620	1,5704170	137,0000000
789,5430240	1,5703286	140,0000000
789,5874860	1,5702401	135,0000000
789,6319480	1,5701517	131,0000000
789,6764100	1,5700633	135,0000000
789,7208720	1,5699749	132,0000000
789,7653340	1,5698865	130,0000000
789,8097960	1,5697982	131,0000000
789,8542580	1,5697098	141,0000000
789,8987200	1,5696214	140,0000000
789,9431820	1,5695331	136,0000000
789,9876440	1,5694448	144,0000000
790,0321060	1,5693564	135,0000000
790,0765680	1,5692681	131,0000000
790,1210300	1,5691798	154,0000000
790,1654920	1,5690915	149,0000000
790,2099540	1,5690032	130,0000000
790,2544160	1,5689150	135,0000000
790,2988780	1,5688267	137,0000000
790,3433400	1,5687384	146,0000000
790,3878020	1,5686502	138,0000000
790,4322640	1,5685619	138,0000000
790,4767260	1,5684737	145,0000000
790,5211880	1,5683855	145,0000000
790,5656500	1,5682973	144,0000000
790,6101120	1,5682091	133,0000000
790,6545740	1,5681209	140,0000000
790,6990360	1,5680327	138,0000000
790,7434980	1,5679446	140,0000000
790,7879600	1,5678564	139,0000000
790,8324220	1,5677683	151,0000000
790,8768840	1,5676801	142,0000000
790,9213460	1,5675920	139,0000000
790,9658080	1,5675039	135,0000000
791,0102700	1,5674158	146,0000000
791,0547320	1,5673277	156,0000000
791,0991940	1,5672396	135,0000000
791,1436560	1,5671515	143,0000000
791,1881180	1,5670634	144,0000000
791,2325800	1,5669754	144,0000000
791,2770420	1,5668873	151,0000000
791,3215040	1,5667993	145,0000000
791,3659660	1,5667113	139,0000000
791,4104280	1,5666232	143,0000000
791,4548900	1,5665352	148,0000000
791,4993520	1,5664472	152,0000000
791,5438140	1,5663592	141,0000000
791,5882760	1,5662713	152,0000000
791,6327380	1,5661833	157,0000000
791,6772000	1,5660953	159,0000000
791,7216620	1,5660074	139,0000000
791,7661240	1,5659194	151,0000000
791,8105860	1,5658315	155,0000000
791,8550480	1,5657436	153,0000000
791,8995100	1,5656557	133,0000000
791,9439720	1,5655678	146,0000000
791,9884340	1,5654799	148,0000000
792,0328960	1,5653920	145,0000000
792,0773580	1,5653041	149,0000000
792,1218200	1,5652163	141,0000000
792,1662820	1,5651284	151,0000000
792,2107440	1,5650406	153,0000000
792,2552060	1,5649528	146,0000000
792,2996680	1,5648649	140,0000000
792,3441300	1,5647771	159,0000000
792,3885920	1,5646893	147,0000000
792,4330540	1,5646015	145,0000000
792,4775160	1,5645137	144,0000000
792,5219780	1,5644260	148,0000000
792,5664400	1,5643382	157,0000000
792,6109020	1,5642505	155,0000000
792,6553640	1,5641627	150,0000000
792,6998260	1,5640750	145,0000000
792,7442880	1,5639873	159,0000000
792,7887500	1,5638996	155,0000000
792,8332120	1,5638118	149,0000000
792,8776740	1,5637242	151,0000000
792,9221360	1,5636365	158,0000000
792,9665980	1,5635488	165,0000000
793,0110600	1,5634611	143,0000000
793,0555220	1,5633735	158,0000000
793,0999840	1,5632858	152,0000000
793,1444460	1,5631982	152,0000000
793,1889080	1,5631106	157,0000000
793,2333700	1,5630230	154,0000000
793,2778320	1,5629354	167,0000000
793,3222940	1,5628478	155,0000000
793,3667560	1,5627602	162,0000000
793,4112180	1,5626726	166,0000000
793,4556800	1,5625850	150,0000000
793,5001420	1,5624975	142,0000000
793,5446040	1,5624099	162,0000000
793,5890660	1,5623224	155,0000000
793,6335280	1,5622349	162,0000000
793,6779900	1,5621474	162,0000000
793,7224520	1,5620598	148,0000000
793,7669140	1,5619723	152,0000000
793,8113760	1,5618849	153,0000000
793,8558380	1,5617974	154,0000000
793,9003000	1,5617099	166,0000000
793,9447620	1,5616225	153,0000000
793,9892240	1,5615350	155,0000000
794,0336860	1,5614476	169,0000000
794,0781480	1,5613601	162,0000000
794,1226100	1,5612727	161,0000000
794,1670720	1,5611853	158,0000000
794,2115340	1,5610979	174,0000000
794,2559960	1,5610105	170,0000000
794,3004580	1,5609231	164,0000000
794,3449200	1,5608358	170,0000000
794,3893820	1,5607484	169,0000000
794,4338440	1,5606611	170,0000000
794,4783060	1,5605737	180,0000000
794,5227680	1,5604864	169,0000000
794,5672300	1,5603991	174,0000000
794,6116920	1,5603118	174,0000000
794,6561540	1,5602245	159,0000000
794,7006160	1,5601372	176,0000000
794,4000000	1,6207085	189,0000000
