770,2104600	1,6097444	364,0000000
770,2549220	1,6096515	343,0000000
770,2993840	1,6095586	321,0000000
770,3438460	1,6094657	333,0000000
770,3883080	1,6093728	341,0000000
770,4327700	1,6092799	317,0000000
770,4772320	1,6091870	334,0000000
770,5216940	1,6090942	346,0000000
770,5661560	1,6090013	355,0000000
770,6106180	1,6089085	308,0000000
770,6550800	1,6088157	328,0000000
770,6995420	1,6087229	322,0000000
770,7440040	1,6086301	313,0000000
770,7884660	1,6085373	339,0000000
770,8329280	1,6084445	336,0000000
770,8773900	1,6083517	336,0000000
770,9218520	1,6082590	314,0000000
770,9663140	1,6081662	311,0000000
771,0107760	1,6080735	298,0000000
771,0552380	1,6079807	276,0000000
771,0997000	1,6078880	294,0000000
771,1441620	1,6077953	303,0000000
771,1886240	1,6077026	292,0000000
771,2330860	1,6076099	300,0000000
771,2775480	1,6075173	308,0000000
771,3220100	1,6074246	318,0000000
771,3664720	1,6073319	314,0000000
771,4109340	1,6072393	357,0000000
771,4553960	1,6071467	368,0000000
771,4998580	1,6070540	369,0000000
771,5443200	1,6069614	355,0000000
771,5887820	1,6068688	354,0000000
771,6332440	1,6067762	313,0000000
771,6777060	1,6066837	332,0000000
771,7221680	1,6065911	307,0000000
771,7666300	1,6064985	321,0000000
771,8110920	1,6064060	281,0000000
771,8555540	1,6063135	283,0000000
771,9000160	1,6062209	308,0000000
771,9444780	1,6061284	304,0000000
771,9889400	1,6060359	298,0000000
772,0334020	1,6059434	342,0000000
772,0778640	1,6058509	327,0000000
772,1223260	1,6057585	299,0000000
772,1667880	1,6056660	319,0000000
772,2112500	1,6055736	274,0000000
772,2557120	1,6054811	275,0000000
772,3001740	1,6053887	284,0000000
772,3446360	1,6052963	252,0000000
772,3890980	1,6052039	272,0000000
772,4335600	1,6051115	258,0000000
772,4780220	1,6050191	252,0000000
772,5224840	1,6049267	283,0000000
772,5669460	1,6048343	281,0000000
772,6114080	1,6047420	254,0000000
772,6558700	1,6046496	230,0000000
772,7003320	1,6045573	259,0000000
772,7447940	1,6044650	245,0000000
772,7892560	1,6043727	264,0000000
772,8337180	1,6042804	254,0000000
772,8781800	1,6041881	250,0000000
772,9226420	1,6040958	229,0000000
772,9671040	1,6040035	242,0000000
773,0115660	1,6039113	268,0000000
773,0560280	1,6038190	253,0000000
773,1004900	1,6037268	249,0000000
773,1449520	1,6036346	235,0000000
773,1894140	1,6035424	238,0000000
773,2338760	1,6034501	262,0000000
773,2783380	1,6033579	243,0000000
773,3228000	1,6032658	227,0000000
773,3672620	1,6031736	242,0000000
773,4117240	1,6030814	232,0000000
773,4561860	1,6029893	231,0000000
773,5006480	1,6028971	248,0000000
773,5451100	1,6028050	242,0000000
773,5895720	1,6027129	278,0000000
773,6340340	1,6026208	276,0000000
773,6784960	1,6025287	270,0000000
773,7229580	1,6024366	278,0000000
773,7674200	1,6023445	282,0000000
773,8118820	1,6022524	284,0000000
773,8563440	1,6021604	286,0000000
773,9008060	1,6020683	260,0000000
773,9452680	1,6019763	271,0000000
773,9897300	1,6018843	263,0000000
774,0341920	1,6017923	253,0000000
774,0786540	1,6017002	263,0000000
774,1231160	1,6016083	255,0000000
774,1675780	1,6015163	241,0000000
774,2120400	1,6014243	251,0000000
774,2565020	1,6013323	248,0000000
774,3009640	1,6012404	248,0000000
774,3454260	1,6011484	234,0000000
774,3898880	1,6010565	231,0000000
774,4343500	1,6009646	232,0000000
774,4788120	1,6008727	228,0000000
774,5232740	1,6007808	238,0000000
774,5677360	1,6006889	245,0000000
774,6121980	1,6005970	228,0000000
774,6566600	1,6005051	235,0000000
774,7011220	1,6004133	224,0000000
774,7455840	1,6003214	242,0000000
774,7900460	1,6002296	239,0000000
774,8345080	1,6001378	235,0000000
774,8789700	1,6000460	217,0000000
774,9234320	1,5999542	236,0000000
774,9678940	1,5998624	225,0000000
775,0123560	1,5997706	226,0000000
775,0568180	1,5996788	238,0000000
775,1012800	1,5995871	233,0000000
775,1457420	1,5994953	215,0000000
775,1902040	1,5994036	231,0000000
775,2346660	1,5993118	224,0000000
775,2791280	1,5992201	239,0000000
775,3235900	1,5991284	229,0000000
775,3680520	1,5990367	220,0000000
775,4125140	1,5989450	219,0000000
775,4569760	1,5988533	217,0000000
775,5014380	1,5987617	217,0000000
775,5459000	1,5986700	225,0000000
775,5903620	1,5985784	225,0000000
775,6348240	1,5984867	217,0000000
775,6792860	1,5983951	227,0000000
775,7237480	1,5983035	213,0000000
775,7682100	1,5982119	231,0000000
775,8126720	1,5981203	226,0000000
775,8571340	1,5980287	227,0000000
775,9015960	1,5979371	238,0000000
775,9460580	1,5978456	267,0000000
775,9905200	1,5977540	265,0000000
776,0349820	1,5976625	263,0000000
776,0794440	1,5975709	245,0000000
776,1239060	1,5974794	260,0000000
776,1683680	1,5973879	225,0000000
776,2128300	1,5972964	228,0000000
776,2572920	1,5972049	237,0000000
776,3017540	1,5971134	225,0000000
776,3462160	1,5970220	237,0000000
776,3906780	1,5969305	220,0000000
776,4351400	1,5968391	257,0000000
776,4796020	1,5967476	223,0000000
776,5240640	1,5966562	234,0000000
776,5685260	1,5965648	247,0000000
776,6129880	1,5964734	231,0000000
776,6574500	1,5963820	239,0000000
776,7019120	1,5962906	217,0000000
776,7463740	1,5961992	226,0000000
776,7908360	1,5961079	233,0000000
776,8352980	1,5960165	252,0000000
776,8797600	1,5959252	242,0000000
776,9242220	1,5958338	227,0000000
776,9686840	1,5957425	244,0000000
777,0131460	1,5956512	226,0000000
777,0576080	1,5955599	228,0000000
777,1020700	1,5954686	247,0000000
777,1465320	1,5953773	223,0000000
777,1909940	1,5952861	234,0000000
777,2354560	1,5951948	239,0000000
777,2799180	1,5951036	234,0000000
777,3243800	1,5950123	246,0000000
777,3688420	1,5949211	270,0000000
777,4133040	1,5948299	271,0000000
777,4577660	1,5947387	274,0000000
777,5022280	1,5946475	297,0000000
777,5466900	1,5945563	303,0000000
777,5911520	1,5944651	318,0000000
777,6356140	1,5943740	324,0000000
777,6800760	1,5942828	284,0000000
777,7245380	1,5941917	282,0000000
777,7690000	1,5941005	284,0000000
777,8134620	1,5940094	247,0000000
777,8579240	1,5939183	238,0000000
777,9023860	1,5938272	253,0000000
777,9468480	1,5937361	220,0000000
777,9913100	1,5936450	226,0000000
778,0357720	1,5935539	227,0000000
778,0802340	1,5934629	226,0000000
778,1246960	1,5933718	234,0000000
778,1691580	1,5932808	231,0000000
778,2136200	1,5931898	233,0000000
778,2580820	1,5930987	226,0000000
778,3025440	1,5930077	220,0000000
778,3470060	1,5929167	207,0000000
778,3914680	1,5928257	204,0000000
778,4359300	1,5927348	217,0000000
778,4803920	1,5926438	226,0000000
778,5248540	1,5925528	213,0000000
778,5693160	1,5924619	211,0000000
778,6137780	1,5923710	188,0000000
778,6582400	1,5922800	213,0000000
778,7027020	1,5921891	191,0000000
778,7471640	1,5920982	209,0000000
778,7916260	1,5920073	212,0000000
778,8360880	1,5919164	200,0000000
778,8805500	1,5918256	215,0000000
778,9250120	1,5917347	182,0000000
778,9694740	1,5916438	196,0000000
779,0139360	1,5915530	185,0000000
779,0583980	1,5914622	198,0000000
779,1028600	1,5913713	177,0000000
779,1473220	1,5912805	164,0000000
779,1917840	1,5911897	164,0000000
779,2362460	1,5910989	169,0000000
779,2807080	1,5910082	183,0000000
779,3251700	1,5909174	170,0000000
779,3696320	1,5908266	173,0000000
779,4140940	1,5907359	165,0000000
779,4585560	1,5906451	168,0000000
779,5030180	1,5905544	165,0000000
779,5474800	1,5904637	160,0000000
779,5919420	1,5903730	157,0000000
779,6364040	1,5902823	147,0000000
779,6808660	1,5901916	161,0000000
779,7253280	1,5901009	134,0000000
779,7697900	1,5900103	145,0000000
779,8142520	1,5899196	145,0000000
779,8587140	1,5898290	145,0000000
779,9031760	1,5897383	154,0000000
779,9476380	1,5896477	147,0000000
779,9921000	1,5895571	161,0000000
780,0365620	1,5894665	151,0000000
780,0810240	1,5893759	148,0000000
780,1254860	1,5892853	149,0000000
780,1699480	1,5891947	156,0000000
780,2144100	1,5891042	144,0000000
780,2588720	1,5890136	163,0000000
780,3033340	1,5889231	145,0000000
780,3477960	1,5888325	143,0000000
780,3922580	1,5887420	152,0000000
780,4367200	1,5886515	164,0000000
780,4811820	1,5885610	157,0000000
780,5256440	1,5884705	155,0000000
780,5701060	1,5883800	161,0000000
780,6145680	1,5882896	166,0000000
780,6590300	1,5881991	140,0000000
780,7034920	1,5881087	146,0000000
780,7479540	1,5880182	141,0000000
780,7924160	1,5879278	142,0000000
780,8368780	1,5878374	143,0000000
780,8813400	1,5877470	147,0000000
780,9258020	1,5876566	142,0000000
780,9702640	1,5875662	144,0000000
781,0147260	1,5874758	137,0000000
781,0591880	1,5873854	147,0000000
781,1036500	1,5872951	142,0000000
781,1481120	1,5872047	139,0000000
781,1925740	1,5871144	127,0000000
781,2370360	1,5870241	140,0000000
781,2814980	1,5869337	133,0000000
781,3259600	1,5868434	129,0000000
781,3704220	1,5867531	137,0000000
781,4148840	1,5866629	141,0000000
781,4593460	1,5865726	140,0000000
781,5038080	1,5864823	129,0000000
781,5482700	1,5863921	136,0000000
781,5927320	1,5863018	141,0000000
781,6371940	1,5862116	138,0000000
781,6816560	1,5861214	129,0000000
781,7261180	1,5860311	134,0000000
781,7705800	1,5859409	128,0000000
781,8150420	1,5858507	133,0000000
781,8595040	1,5857606	139,0000000
781,9039660	1,5856704	137,0000000
781,9484280	1,5855802	143,0000000
781,9928900	1,5854901	131,0000000
782,0373520	1,5853999	134,0000000
782,0818140	1,5853098	131,0000000
782,1262760	1,5852197	133,0000000
782,1707380	1,5851296	131,0000000
782,2152000	1,5850395	138,0000000
782,2596620	1,5849494	134,0000000
782,3041240	1,5848593	135,0000000
782,3485860	1,5847692	136,0000000
782,3930480	1,5846792	142,0000000
782,4375100	1,5845891	133,0000000
782,4819720	1,5844991	140,0000000
782,5264340	1,5844091	140,0000000
782,5708960	1,5843190	140,0000000
782,6153580	1,5842290	128,0000000
782,6598200	1,5841390	140,0000000
782,7042820	1,5840490	137,0000000
782,7487440	1,5839591	135,0000000
782,7932060	1,5838691	140,0000000
782,8376680	1,5837791	138,0000000
782,8821300	1,5836892	129,0000000
782,9265920	1,5835993	128,0000000
782,9710540	1,5835093	140,0000000
783,0155160	1,5834194	135,0000000
783,0599780	1,5833295	132,0000000
783,1044400	1,5832396	130,0000000
783,1489020	1,5831497	127,0000000
783,1933640	1,5830599	133,0000000
783,2378260	1,5829700	133,0000000
783,2822880	1,5828801	129,0000000
783,3267500	1,5827903	138,0000000
783,3712120	1,5827005	145,0000000
783,4156740	1,5826106	141,0000000
783,4601360	1,5825208	132,0000000
783,5045980	1,5824310	135,0000000
783,5490600	1,5823412	132,0000000
783,5935220	1,5822514	133,0000000
783,6379840	1,5821617	135,0000000
783,6824460	1,5820719	126,0000000
783,7269080	1,5819821	129,0000000
783,7713700	1,5818924	138,0000000
783,8158320	1,5818027	129,0000000
783,8602940	1,5817129	125,0000000
783,9047560	1,5816232	134,0000000
783,9492180	1,5815335	130,0000000
783,9936800	1,5814438	130,0000000
784,0381420	1,5813542	134,0000000
784,0826040	1,5812645	136,0000000
784,1270660	1,5811748	128,0000000
784,1715280	1,5810852	134,0000000
784,2159900	1,5809955	127,0000000
784,2604520	1,5809059	141,0000000
784,3049140	1,5808163	130,0000000
784,3493760	1,5807267	127,0000000
784,3938380	1,5806371	122,0000000
784,4383000	1,5805475	119,0000000
784,4827620	1,5804579	136,0000000
784,5272240	1,5803683	126,0000000
784,5716860	1,5802788	129,0000000
784,6161480	1,5801892	137,0000000
784,6606100	1,5800997	128,0000000
784,7050720	1,5800101	136,0000000
784,7495340	1,5799206	121,0000000
784,7939960	1,5798311	129,0000000
784,8384580	1,5797416	130,0000000
784,8829200	1,5796521	118,0000000
784,9273820	1,5795626	126,0000000
784,9718440	1,5794732	129,0000000
785,0163060	1,5793837	132,0000000
785,0607680	1,5792943	131,0000000
785,1052300	1,5792048	125,0000000
785,1496920	1,5791154	129,0000000
785,1941540	1,5790260	125,0000000
785,2386160	1,5789366	125,0000000
785,2830780	1,5788472	124,0000000
785,3275400	1,5787578	123,0000000
785,3720020	1,5786684	132,0000000
785,4164640	1,5785790	141,0000000
785,4609260	1,5784897	138,0000000
785,5053880	1,5784003	135,0000000
785,5498500	1,5783110	125,0000000
785,5943120	1,5782217	132,0000000
785,6387740	1,5781324	133,0000000
785,6832360	1,5780430	126,0000000
785,7276980	1,5779538	128,0000000
785,7721600	1,5778645	133,0000000
785,8166220	1,5777752	130,0000000
785,8610840	1,5776859	140,0000000
785,9055460	1,5775967	140,0000000
785,9500080	1,5775074	129,0000000
785,9944700	1,5774182	126,0000000
786,0389320	1,5773290	135,0000000
786,0833940	1,5772397	133,0000000
786,1278560	1,5771505	138,0000000
786,1723180	1,5770613	131,0000000
786,2167800	1,5769722	124,0000000
786,2612420	1,5768830	125,0000000
786,3057040	1,5767938	128,0000000
786,3501660	1,5767047	125,0000000
786,3946280	1,5766155	131,0000000
786,4390900	1,5765264	140,0000000
786,4835520	1,5764373	128,0000000
786,5280140	1,5763481	135,0000000
786,5724760	1,5762590	120,0000000
786,6169380	1,5761699	129,0000000
786,6614000	1,5760809	130,0000000
786,7058620	1,5759918	134,0000000
786,7503240	1,5759027	131,0000000
786,7947860	1,5758137	126,0000000
786,8392480	1,5757246	127,0000000
786,8837100	1,5756356	131,0000000
786,9281720	1,5755466	135,0000000
786,9726340	1,5754575	132,0000000
787,0170960	1,5753685	132,0000000
787,0615580	1,5752795	133,0000000
787,1060200	1,5751906	133,0000000
787,1504820	1,5751016	134,0000000
787,1949440	1,5750126	129,0000000
787,2394060	1,5749237	133,0000000
787,2838680	1,5748347	126,0000000
787,3283300	1,5747458	126,0000000
787,3727920	1,5746569	136,0000000
787,4172540	1,5745679	132,0000000
787,4617160	1,5744790	136,0000000
787,5061780	1,5743902	133,0000000
787,5506400	1,5743013	139,0000000
787,5951020	1,5742124	137,0000000
787,6395640	1,5741235	135,0000000
787,6840260	1,5740347	141,0000000
787,7284880	1,5739458	133,0000000
787,7729500	1,5738570	129,0000000
787,8174120	1,5737682	139,0000000
787,8618740	1,5736794	137,0000000
787,9063360	1,5735906	142,0000000
787,9507980	1,5735018	131,0000000
787,9952600	1,5734130	143,0000000
788,0397220	1,5733242	143,0000000
788,0841840	1,5732354	143,0000000
788,1286460	1,5731467	139,0000000
788,1731080	1,5730579	150,0000000
788,2175700	1,5729692	137,0000000
788,2620320	1,5728805	140,0000000
788,3064940	1,5727918	145,0000000
788,3509560	1,5727031	143,0000000
788,3954180	1,5726144	149,0000000
788,4398800	1,5725257	145,0000000
788,4843420	1,5724370	138,0000000
788,5288040	1,5723484	150,0000000
788,5732660	1,5722597	148,0000000
788,6177280	1,5721711	152,0000000
788,6621900	1,5720824	145,0000000
788,7066520	1,5719938	146,0000000
788,7511140	1,5719052	145,0000000
788,7955760	1,5718166	158,0000000
788,8400380	1,5717280	144,0000000
788,8845000	1,5716394	139,0000000
788,9289620	1,5715508	154,0000000
788,9734240	1,5714623	148,0000000
789,0178860	1,5713737	146,0000000
789,0623480	1,5712852	153,0000000
789,1068100	1,5711966	142,0000000
789,1512720	1,5711081	147,0000000
789,1957340	1,5710196	151,0000000
789,2401960	1,5709311	155,0000000
789,2846580	1,5708426	144,0000000
789,3291200	1,5707541	146,0000000
789,3735820	1,5706656	155,0000000
789,4180440	1,5705772	163,0000000
789,4625060	1,5704887	146,0000000
789,5069680	1,5704003	139,0000000
789,5514300	1,5703119	152,0000000
789,5958920	1,5702234	147,0000000
789,6403540	1,5701350	151,0000000
789,6848160	1,5700466	142,0000000
789,7292780	1,5699582	145,0000000
789,7737400	1,5698698	159,0000000
789,8182020	1,5697815	145,0000000
789,8626640	1,5696931	151,0000000
789,9071260	1,5696047	147,0000000
789,9515880	1,5695164	139,0000000
789,9960500	1,5694281	149,0000000
790,0405120	1,5693397	143,0000000
790,0849740	1,5692514	143,0000000
790,1294360	1,5691631	148,0000000
790,1738980	1,5690748	152,0000000
790,2183600	1,5689865	150,0000000
790,2628220	1,5688983	146,0000000
790,3072840	1,5688100	150,0000000
790,3517460	1,5687217	154,0000000
790,3962080	1,5686335	144,0000000
790,4406700	1,5685453	142,0000000
790,4851320	1,5684570	145,0000000
790,5295940	1,5683688	151,0000000
790,5740560	1,5682806	150,0000000
790,6185180	1,5681924	152,0000000
790,6629800	1,5681042	140,0000000
790,7074420	1,5680161	155,0000000
790,7519040	1,5679279	147,0000000
790,7963660	1,5678397	146,0000000
790,8408280	1,5677516	154,0000000
790,8852900	1,5676635	146,0000000
790,9297520	1,5675753	146,0000000
790,9742140	1,5674872	157,0000000
791,0186760	1,5673991	156,0000000
791,0631380	1,5673110	173,0000000
791,1076000	1,5672229	156,0000000
791,1520620	1,5671349	150,0000000
791,1965240	1,5670468	150,0000000
791,2409860	1,5669587	170,0000000
791,2854480	1,5668707	156,0000000
791,3299100	1,5667826	166,0000000
791,3743720	1,5666946	166,0000000
791,4188340	1,5666066	181,0000000
791,4632960	1,5665186	176,0000000
791,5077580	1,5664306	171,0000000
791,5522200	1,5663426	181,0000000
791,5966820	1,5662546	172,0000000
791,6411440	1,5661667	178,0000000
791,6856060	1,5660787	187,0000000
791,7300680	1,5659908	182,0000000
791,7745300	1,5659028	194,0000000
791,8189920	1,5658149	185,0000000
791,8634540	1,5657270	187,0000000
791,9079160	1,5656391	189,0000000
791,9523780	1,5655512	186,0000000
791,9968400	1,5654633	180,0000000
792,0413020	1,5653754	201,0000000
792,0857640	1,5652875	191,0000000
792,1302260	1,5651997	207,0000000
792,1746880	1,5651118	215,0000000
792,2191500	1,5650240	201,0000000
792,2636120	1,5649362	201,0000000
792,3080740	1,5648483	214,0000000
792,3525360	1,5647605	213,0000000
792,3969980	1,5646727	210,0000000
792,4414600	1,5645849	209,0000000
792,4859220	1,5644972	210,0000000
792,5303840	1,5644094	214,0000000
792,5748460	1,5643216	212,0000000
792,6193080	1,5642339	202,0000000
792,6637700	1,5641461	202,0000000
792,7082320	1,5640584	200,0000000
792,7526940	1,5639707	203,0000000
792,7971560	1,5638830	222,0000000
792,8416180	1,5637953	216,0000000
792,8860800	1,5637076	209,0000000
792,9305420	1,5636199	216,0000000
792,9750040	1,5635322	223,0000000
793,0194660	1,5634446	214,0000000
793,0639280	1,5633569	219,0000000
793,1083900	1,5632693	217,0000000
793,1528520	1,5631816	228,0000000
793,1973140	1,5630940	231,0000000
793,2417760	1,5630064	225,0000000
793,2862380	1,5629188	224,0000000
793,3307000	1,5628312	234,0000000
793,3751620	1,5627436	227,0000000
793,4196240	1,5626560	230,0000000
793,4640860	1,5625685	219,0000000
793,5085480	1,5624809	199,0000000
793,5530100	1,5623934	228,0000000
793,5974720	1,5623058	228,0000000
793,6419340	1,5622183	211,0000000
793,6863960	1,5621308	216,0000000
793,7308580	1,5620433	218,0000000
793,7753200	1,5619558	211,0000000
793,8197820	1,5618683	227,0000000
793,8642440	1,5617808	223,0000000
793,9087060	1,5616934	240,0000000
793,9531680	1,5616059	208,0000000
793,9976300	1,5615185	230,0000000
794,0420920	1,5614310	229,0000000
794,0865540	1,5613436	228,0000000
794,1310160	1,5612562	245,0000000
794,1754780	1,5611688	242,0000000
794,2199400	1,5610814	232,0000000
794,2644020	1,5609940	219,0000000
794,3088640	1,5609066	205,0000000
794,3533260	1,5608193	214,0000000
794,3977880	1,5607319	240,0000000
794,4422500	1,5606446	225,0000000
794,4867120	1,5605572	224,0000000
794,5311740	1,5604699	232,0000000
794,5756360	1,5603826	247,0000000
794,6200980	1,5602953	224,0000000
794,6645600	1,5602080	218,0000000
794,7090220	1,5601207	231,0000000
794,7534840	1,5600334	256,0000000
794,7979460	1,5599461	218,0000000
794,8424080	1,5598589	241,0000000
794,8868700	1,5597716	254,0000000
794,9313320	1,5596844	267,0000000
794,9757940	1,5595971	253,0000000
795,0202560	1,5595099	244,0000000
795,0647180	1,5594227	253,0000000
795,1091800	1,5593355	271,0000000
795,1536420	1,5592483	262,0000000
795,1981040	1,5591611	290,0000000
795,2425660	1,5590740	269,0000000
795,2870280	1,5589868	277,0000000
795,3314900	1,5588996	286,0000000
795,3759520	1,5588125	300,0000000
795,4204140	1,5587254	311,0000000
795,4648760	1,5586382	301,0000000
795,5093380	1,5585511	327,0000000
795,5538000	1,5584640	326,0000000
795,5982620	1,5583769	366,0000000
795,6427240	1,5582898	350,0000000
795,6871860	1,5582028	374,0000000
795,7316480	1,5581157	403,0000000
795,7761100	1,5580286	413,0000000
795,8205720	1,5579416	411,0000000
795,8650340	1,5578546	423,0000000
795,9094960	1,5577675	461,0000000
795,9539580	1,5576805	474,0000000
795,9984200	1,5575935	519,0000000
796,0428820	1,5575065	569,0000000
796,0873440	1,5574195	580,0000000
796,1318060	1,5573325	597,0000000
796,1762680	1,5572456	706,0000000
796,2207300	1,5571586	726,0000000
796,2651920	1,5570717	794,0000000
796,3096540	1,5569847	877,0000000
796,3541160	1,5568978	941,0000000
796,3985780	1,5568109	1098,0000000
796,4430400	1,5567240	1215,0000000
796,4875020	1,5566371	1256,0000000
796,5319640	1,5565502	1403,0000000
796,5764260	1,5564633	1655,0000000
796,6208880	1,5563764	1937,0000000
796,6653500	1,5562896	2201,0000000
796,7098120	1,5562027	2502,0000000
796,7542740	1,5561159	2766,0000000
796,7987360	1,5560290	3315,0000000
796,8431980	1,5559422	3892,0000000
796,8876600	1,5558554	4515,0000000
796,9321220	1,5557686	5344,0000000
796,9765840	1,5556818	6344,0000000
797,0210460	1,5555950	7532,0000000
797,0655080	1,5555082	9182,0000000
797,1099700	1,5554215	10820,0000000
797,1544320	1,5553347	12339,0000000
797,1988940	1,5552480	14708,0000000
797,2433560	1,5551612	17193,0000000
797,2878180	1,5550745	19896,0000000
797,3322800	1,5549878	23020,0000000
797,3767420	1,5549011	26365,0000000
797,4212040	1,5548144	29273,0000000
797,4656660	1,5547277	32540,0000000
797,5101280	1,5546410	35706,0000000
797,5545900	1,5545544	37886,0000000
797,5990520	1,5544677	39498,0000000
797,6435140	1,5543811	39706,0000000
797,6879760	1,5542944	39837,0000000
797,7324380	1,5542078	39167,0000000
797,7769000	1,5541212	37691,0000000
797,8213620	1,5540346	35418,0000000
797,8658240	1,5539480	31808,0000000
797,9102860	1,5538614	27894,0000000
797,9547480	1,5537748	24535,0000000
797,9992100	1,5536882	21294,0000000
798,0436720	1,5536017	17812,0000000
798,0881340	1,5535151	14747,0000000
798,1325960	1,5534286	12242,0000000
798,1770580	1,5533420	10112,0000000
798,2215200	1,5532555	8575,0000000
798,2659820	1,5531690	7284,0000000
798,3104440	1,5530825	6299,0000000
798,3549060	1,5529960	5421,0000000
798,3993680	1,5529095	4762,0000000
798,4438300	1,5528230	4473,0000000
798,4882920	1,5527366	4182,0000000
798,5327540	1,5526501	3879,0000000
798,5772160	1,5525637	3565,0000000
798,6216780	1,5524772	3503,0000000
798,6661400	1,5523908	3259,0000000
798,7106020	1,5523044	3189,0000000
798,7550640	1,5522180	3036,0000000
798,7995260	1,5521316	2882,0000000
798,8439880	1,5520452	2768,0000000
798,8884500	1,5519588	2661,0000000
798,9329120	1,5518724	2528,0000000
798,9773740	1,5517861	2459,0000000
799,0218360	1,5516997	2353,0000000
799,0662980	1,5516134	2338,0000000
799,1107600	1,5515271	2281,0000000
799,1552220	1,5514407	2166,0000000
799,1996840	1,5513544	2153,0000000
799,2441460	1,5512681	2130,0000000
799,2886080	1,5511818	2118,0000000
799,3330700	1,5510956	2125,0000000
799,3775320	1,5510093	2018,0000000
799,4219940	1,5509230	1936,0000000
799,4664560	1,5508368	1938,0000000
799,5109180	1,5507505	1948,0000000
799,5553800	1,5506643	1911,0000000
799,5998420	1,5505781	1739,0000000
799,6443040	1,5504918	1727,0000000
799,6887660	1,5504056	1697,0000000
799,7332280	1,5503194	1615,0000000
799,7776900	1,5502333	1529,0000000
799,8221520	1,5501471	1483,0000000
799,8666140	1,5500609	1462,0000000
799,9110760	1,5499747	1430,0000000
799,9555380	1,5498886	1362,0000000
800,0000000	1,5498025	1303,0000000
800,0444620	1,5497163	1247,0000000
800,0889240	1,5496302	1209,0000000
800,1333860	1,5495441	1114,0000000
800,1778480	1,5494580	1026,0000000
800,2223100	1,5493719	980,0000000
800,2667720	1,5492858	969,0000000
800,3112340	1,5491998	928,0000000
800,3556960	1,5491137	858,0000000
800,4001580	1,5490276	814,0000000
800,4446200	1,5489416	765,0000000
800,4890820	1,5488556	746,0000000
800,5335440	1,5487695	647,0000000
800,5780060	1,5486835	646,0000000
800,6224680	1,5485975	658,0000000
800,6669300	1,5485115	601,0000000
800,7113920	1,5484255	586,0000000
800,7558540	1,5483396	539,0000000
800,8003160	1,5482536	524,0000000
800,8447780	1,5481676	489,0000000
800,8892400	1,5480817	505,0000000
800,9337020	1,5479958	466,0000000
800,9781640	1,5479098	451,0000000
801,0226260	1,5478239	412,0000000
801,0670880	1,5477380	360,0000000
801,1115500	1,5476521	363,0000000
801,1560120	1,5475662	363,0000000
801,2004740	1,5474803	339,0000000
801,2449360	1,5473945	315,0000000
801,2893980	1,5473086	330,0000000
801,3338600	1,5472227	325,0000000
801,3783220	1,5471369	297,0000000
801,4227840	1,5470511	289,0000000
801,4672460	1,5469652	305,0000000
801,5117080	1,5468794	278,0000000
801,5561700	1,5467936	276,0000000
801,6006320	1,5467078	259,0000000
801,6450940	1,5466220	251,0000000
801,6895560	1,5465363	229,0000000
801,7340180	1,5464505	247,0000000
801,7784800	1,5463647	261,0000000
801,8229420	1,5462790	241,0000000
801,8674040	1,5461933	223,0000000
801,9118660	1,5461075	229,0000000
801,9563280	1,5460218	233,0000000
802,0007900	1,5459361	241,0000000
802,0452520	1,5458504	221,0000000
802,0897140	1,5457647	232,0000000
802,1341760	1,5456790	221,0000000
802,1786380	1,5455934	207,0000000
802,2231000	1,5455077	195,0000000
802,2675620	1,5454220	208,0000000
802,3120240	1,5453364	201,0000000
802,3564860	1,5452508	201,0000000
802,4009480	1,5451651	216,0000000
802,4454100	1,5450795	197,0000000
802,4898720	1,5449939	187,0000000
802,5343340	1,5449083	187,0000000
802,5787960	1,5448227	186,0000000
802,6232580	1,5447372	187,0000000
802,6677200	1,5446516	195,0000000
802,7121820	1,5445660	180,0000000
802,7566440	1,5444805	183,0000000
802,8011060	1,5443949	191,0000000
802,8455680	1,5443094	176,0000000
802,8900300	1,5442239	182,0000000
802,9344920	1,5441384	186,0000000
802,9789540	1,5440529	196,0000000
803,0234160	1,5439674	175,0000000
803,0678780	1,5438819	181,0000000
803,1123400	1,5437964	191,0000000
803,1568020	1,5437110	186,0000000
803,2012640	1,5436255	174,0000000
803,2457260	1,5435401	162,0000000
803,2901880	1,5434546	161,0000000
803,3346500	1,5433692	162,0000000
803,3791120	1,5432838	164,0000000
803,4235740	1,5431984	150,0000000
803,4680360	1,5431130	162,0000000
803,5124980	1,5430276	167,0000000
803,5569600	1,5429422	156,0000000
803,6014220	1,5428569	159,0000000
803,6458840	1,5427715	165,0000000
803,6903460	1,5426862	152,0000000
803,7348080	1,5426008	162,0000000
803,7792700	1,5425155	159,0000000
803,8237320	1,5424302	152,0000000
803,8681940	1,5423449	154,0000000
803,9126560	1,5422595	151,0000000
803,9571180	1,5421743	152,0000000
804,0015800	1,5420890	165,0000000
804,0460420	1,5420037	162,0000000
804,0905040	1,5419184	163,0000000
804,1349660	1,5418332	155,0000000
804,1794280	1,5417479	159,0000000
804,2238900	1,5416627	163,0000000
804,2683520	1,5415775	149,0000000
804,3128140	1,5414923	157,0000000
804,3572760	1,5414070	150,0000000
804,4017380	1,5413218	155,0000000
804,4462000	1,5412367	163,0000000
804,4906620	1,5411515	160,0000000
804,5351240	1,5410663	148,0000000
804,5795860	1,5409811	142,0000000
804,6240480	1,5408960	152,0000000
804,6685100	1,5408108	154,0000000
804,7129720	1,5407257	166,0000000
804,7574340	1,5406406	177,0000000
804,8018960	1,5405555	150,0000000
804,8463580	1,5404704	151,0000000
804,8908200	1,5403853	157,0000000
804,9352820	1,5403002	143,0000000
804,9797440	1,5402151	148,0000000
805,0242060	1,5401300	151,0000000
805,0686680	1,5400450	153,0000000
805,1131300	1,5399599	144,0000000
805,1575920	1,5398749	147,0000000
805,2020540	1,5397899	142,0000000
805,2465160	1,5397049	147,0000000
805,2909780	1,5396198	145,0000000
805,3354400	1,5395348	153,0000000
805,3799020	1,5394499	149,0000000
805,4243640	1,5393649	139,0000000
805,4688260	1,5392799	146,0000000
805,5132880	1,5391949	143,0000000
805,5577500	1,5391100	151,0000000
805,6022120	1,5390250	145,0000000
805,6466740	1,5389401	136,0000000
805,6911360	1,5388552	138,0000000
805,7355980	1,5387703	149,0000000
805,7800600	1,5386853	136,0000000
805,8245220	1,5386004	149,0000000
805,8689840	1,5385156	139,0000000
805,9134460	1,5384307	138,0000000
805,9579080	1,5383458	127,0000000
806,0023700	1,5382609	127,0000000
806,0468320	1,5381761	136,0000000
806,0912940	1,5380913	133,0000000
806,1357560	1,5380064	138,0000000
806,1802180	1,5379216	133,0000000
806,2246800	1,5378368	132,0000000
806,2691420	1,5377520	132,0000000
806,3136040	1,5376672	131,0000000
806,3580660	1,5375824	134,0000000
806,4025280	1,5374976	122,0000000
806,4469900	1,5374129	127,0000000
806,4914520	1,5373281	126,0000000
806,5359140	1,5372433	124,0000000
806,5803760	1,5371586	129,0000000
806,6248380	1,5370739	137,0000000
806,6693000	1,5369892	137,0000000
806,7137620	1,5369044	124,0000000
806,7582240	1,5368197	128,0000000
806,8026860	1,5367351	127,0000000
806,8471480	1,5366504	128,0000000
806,8916100	1,5365657	128,0000000
806,9360720	1,5364810	125,0000000
806,9805340	1,5363964	132,0000000
807,0249960	1,5363117	135,0000000
807,0694580	1,5362271	129,0000000
807,1139200	1,5361425	123,0000000
807,1583820	1,5360579	133,0000000
807,2028440	1,5359732	132,0000000
807,2473060	1,5358886	132,0000000
807,2917680	1,5358041	137,0000000
807,3362300	1,5357195	124,0000000
807,3806920	1,5356349	124,0000000
807,4251540	1,5355503	126,0000000
807,4696160	1,5354658	119,0000000
807,5140780	1,5353812	121,0000000
807,5585400	1,5352967	130,0000000
807,6030020	1,5352122	131,0000000
807,6474640	1,5351277	125,0000000
807,6919260	1,5350432	135,0000000
807,7363880	1,5349587	119,0000000
807,7808500	1,5348742	122,0000000
807,8253120	1,5347897	121,0000000
807,8697740	1,5347052	125,0000000
807,9142360	1,5346208	122,0000000
807,9586980	1,5345363	132,0000000
808,0031600	1,5344519	129,0000000
808,0476220	1,5343675	128,0000000
808,0920840	1,5342830	129,0000000
808,1365460	1,5341986	124,0000000
808,1810080	1,5341142	132,0000000
808,2254700	1,5340298	127,0000000
808,2699320	1,5339454	135,0000000
808,3143940	1,5338611	126,0000000
808,3588560	1,5337767	125,0000000
808,4033180	1,5336923	124,0000000
808,4477800	1,5336080	122,0000000
808,4922420	1,5335236	123,0000000
808,5367040	1,5334393	126,0000000
808,5811660	1,5333550	122,0000000
808,6256280	1,5332707	119,0000000
808,6700900	1,5331864	126,0000000
808,7145520	1,5331021	124,0000000
808,7590140	1,5330178	122,0000000
808,8034760	1,5329335	124,0000000
808,8479380	1,5328493	122,0000000
808,8924000	1,5327650	116,0000000
808,9368620	1,5326808	128,0000000
808,9813240	1,5325965	125,0000000
809,0257860	1,5325123	114,0000000
809,0702480	1,5324281	119,0000000
809,1147100	1,5323439	126,0000000
809,1591720	1,5322597	123,0000000
809,2036340	1,5321755	129,0000000
809,2480960	1,5320913	119,0000000
809,2925580	1,5320071	120,0000000
809,3370200	1,5319230	126,0000000
809,3814820	1,5318388	130,0000000
809,4259440	1,5317547	125,0000000
809,4704060	1,5316705	124,0000000
809,5148680	1,5315864	131,0000000
809,5593300	1,5315023	132,0000000
809,6037920	1,5314182	137,0000000
809,6482540	1,5313341	124,0000000
809,6927160	1,5312500	129,0000000
809,7371780	1,5311659	132,0000000
809,7816400	1,5310818	132,0000000
809,8261020	1,5309978	117,0000000
809,8705640	1,5309137	116,0000000
809,9150260	1,5308297	128,0000000
809,9594880	1,5307457	130,0000000
810,0039500	1,5306616	127,0000000
810,0484120	1,5305776	115,0000000
810,0928740	1,5304936	122,0000000
810,1373360	1,5304096	114,0000000
810,1817980	1,5303256	125,0000000
810,2262600	1,5302417	118,0000000
810,2707220	1,5301577	129,0000000
810,3151840	1,5300737	128,0000000
810,3596460	1,5299898	128,0000000
810,4041080	1,5299058	119,0000000
810,4485700	1,5298219	114,0000000
810,4930320	1,5297380	118,0000000
810,5374940	1,5296541	117,0000000
810,5819560	1,5295702	126,0000000
810,6264180	1,5294863	132,0000000
810,6708800	1,5294024	125,0000000
810,7153420	1,5293185	127,0000000
810,7598040	1,5292346	118,0000000
810,8042660	1,5291508	116,0000000
810,8487280	1,5290669	120,0000000
810,8931900	1,5289831	129,0000000
810,9376520	1,5288993	123,0000000
810,9821140	1,5288154	120,0000000
811,0265760	1,5287316	122,0000000
811,0710380	1,5286478	123,0000000
811,1155000	1,5285640	118,0000000
811,1599620	1,5284802	116,0000000
811,2044240	1,5283965	126,0000000
811,2488860	1,5283127	117,0000000
811,2933480	1,5282289	118,0000000
811,3378100	1,5281452	127,0000000
811,3822720	1,5280614	118,0000000
811,4267340	1,5279777	118,0000000
811,4711960	1,5278940	116,0000000
811,5156580	1,5278103	121,0000000
811,5601200	1,5277266	132,0000000
811,6045820	1,5276429	124,0000000
811,6490440	1,5275592	116,0000000
811,6935060	1,5274755	123,0000000
811,7379680	1,5273919	124,0000000
811,7824300	1,5273082	117,0000000
811,8268920	1,5272246	128,0000000
811,8713540	1,5271409	119,0000000
811,9158160	1,5270573	123,0000000
811,9602780	1,5269737	116,0000000
812,0047400	1,5268901	119,0000000
812,0492020	1,5268065	119,0000000
812,0936640	1,5267229	123,0000000
812,1381260	1,5266393	125,0000000
812,1825880	1,5265557	114,0000000
812,2270500	1,5264721	123,0000000
812,2715120	1,5263886	111,0000000
812,3159740	1,5263050	115,0000000
812,3604360	1,5262215	132,0000000
812,4048980	1,5261380	122,0000000
812,4493600	1,5260545	122,0000000
812,4938220	1,5259710	120,0000000
812,5382840	1,5258874	120,0000000
812,5827460	1,5258040	120,0000000
812,6272080	1,5257205	126,0000000
812,6716700	1,5256370	126,0000000
812,7161320	1,5255535	123,0000000
812,7605940	1,5254701	131,0000000
812,8050560	1,5253866	124,0000000
812,8495180	1,5253032	121,0000000
812,8939800	1,5252198	127,0000000
812,9384420	1,5251364	124,0000000
812,9829040	1,5250529	126,0000000
813,0273660	1,5249695	127,0000000
813,0718280	1,5248862	120,0000000
813,1162900	1,5248028	120,0000000
813,1607520	1,5247194	125,0000000
813,2052140	1,5246360	132,0000000
813,2496760	1,5245527	131,0000000
813,2941380	1,5244693	132,0000000
813,3386000	1,5243860	127,0000000
813,3830620	1,5243027	128,0000000
813,4275240	1,5242193	126,0000000
813,4719860	1,5241360	129,0000000
813,5164480	1,5240527	128,0000000
813,5609100	1,5239694	124,0000000
813,6053720	1,5238862	134,0000000
813,6498340	1,5238029	126,0000000
813,6942960	1,5237196	122,0000000
813,7387580	1,5236364	121,0000000
813,7832200	1,5235531	122,0000000
813,8276820	1,5234699	120,0000000
813,8721440	1,5233867	120,0000000
813,9166060	1,5233034	117,0000000
813,9610680	1,5232202	123,0000000
814,0055300	1,5231370	128,0000000
814,0499920	1,5230538	122,0000000
814,0944540	1,5229707	116,0000000
814,1389160	1,5228875	115,0000000
814,1833780	1,5228043	122,0000000
814,2278400	1,5227212	118,0000000
814,2723020	1,5226380	135,0000000
814,3167640	1,5225549	130,0000000
814,3612260	1,5224718	125,0000000
814,4056880	1,5223886	118,0000000
814,4501500	1,5223055	120,0000000
814,4946120	1,5222224	123,0000000
814,5390740	1,5221393	119,0000000
814,5835360	1,5220563	125,0000000
814,6279980	1,5219732	126,0000000
814,6724600	1,5218901	122,0000000
814,7169220	1,5218071	126,0000000
814,7613840	1,5217240	125,0000000
814,8058460	1,5216410	121,0000000
814,8503080	1,5215580	122,0000000
814,8947700	1,5214749	120,0000000
814,9392320	1,5213919	118,0000000
814,9836940	1,5213089	128,0000000
815,0281560	1,5212259	126,0000000
815,0726180	1,5211430	123,0000000
815,1170800	1,5210600	129,0000000
815,1615420	1,5209770	121,0000000
815,2060040	1,5208941	120,0000000
815,2504660	1,5208111	116,0000000
815,2949280	1,5207282	121,0000000
815,3393900	1,5206452	125,0000000
815,3838520	1,5205623	122,0000000
815,4283140	1,5204794	117,0000000
815,4727760	1,5203965	126,0000000
815,5172380	1,5203136	123,0000000
815,5617000	1,5202307	117,0000000
815,6061620	1,5201479	121,0000000
815,6506240	1,5200650	122,0000000
815,6950860	1,5199821	117,0000000
815,7395480	1,5198993	130,0000000
815,7840100	1,5198165	126,0000000
815,8284720	1,5197336	116,0000000
815,8729340	1,5196508	129,0000000
815,9173960	1,5195680	131,0000000
815,9618580	1,5194852	123,0000000
816,0063200	1,5194024	129,0000000
816,0507820	1,5193196	120,0000000
816,0952440	1,5192369	124,0000000
816,1397060	1,5191541	121,0000000
816,1841680	1,5190713	122,0000000
816,2286300	1,5189886	115,0000000
816,2730920	1,5189058	119,0000000
816,3175540	1,5188231	122,0000000
816,3620160	1,5187404	124,0000000
816,4064780	1,5186577	122,0000000
816,4509400	1,5185750	119,0000000
816,4954020	1,5184923	113,0000000
816,5398640	1,5184096	121,0000000
816,5843260	1,5183269	121,0000000
816,6287880	1,5182443	125,0000000
816,6732500	1,5181616	118,0000000
816,7177120	1,5180790	118,0000000
816,7621740	1,5179963	123,0000000
816,8066360	1,5179137	120,0000000
816,8510980	1,5178311	125,0000000
816,8955600	1,5177484	122,0000000
816,9400220	1,5176658	116,0000000
816,9844840	1,5175833	121,0000000
817,0289460	1,5175007	112,0000000
817,0734080	1,5174181	122,0000000
817,1178700	1,5173355	114,0000000
817,1623320	1,5172530	122,0000000
817,2067940	1,5171704	116,0000000
817,2512560	1,5170879	116,0000000
817,2957180	1,5170053	119,0000000
817,3401800	1,5169228	127,0000000
817,3846420	1,5168403	130,0000000
817,4291040	1,5167578	118,0000000
817,4735660	1,5166753	126,0000000
817,5180280	1,5165928	120,0000000
817,5624900	1,5165103	121,0000000
817,6069520	1,5164279	123,0000000
817,6514140	1,5163454	121,0000000
817,6958760	1,5162630	118,0000000
817,7403380	1,5161805	129,0000000
817,7848000	1,5160981	118,0000000
817,8292620	1,5160157	120,0000000
817,8737240	1,5159332	119,0000000
817,9181860	1,5158508	119,0000000
817,9626480	1,5157684	120,0000000
818,0071100	1,5156861	121,0000000
818,0515720	1,5156037	114,0000000
818,0960340	1,5155213	122,0000000
818,1404960	1,5154389	124,0000000
818,1849580	1,5153566	122,0000000
818,2294200	1,5152742	120,0000000
818,2738820	1,5151919	125,0000000
818,3183440	1,5151096	123,0000000
818,3628060	1,5150273	124,0000000
818,4072680	1,5149450	121,0000000
818,4517300	1,5148627	125,0000000
818,4961920	1,5147804	120,0000000
818,5406540	1,5146981	117,0000000
818,5851160	1,5146158	128,0000000
818,6295780	1,5145336	122,0000000
818,6740400	1,5144513	123,0000000
818,7185020	1,5143691	120,0000000
818,7629640	1,5142868	121,0000000
818,8074260	1,5142046	112,0000000
818,8518880	1,5141224	118,0000000
818,8963500	1,5140402	119,0000000
818,9408120	1,5139580	117,0000000
818,9852740	1,5138758	117,0000000
819,0297360	1,5137936	123,0000000
819,0741980	1,5137114	116,0000000
819,1186600	1,5136293	119,0000000
819,1631220	1,5135471	116,0000000
819,2075840	1,5134650	111,0000000
819,2520460	1,5133828	114,0000000
819,2965080	1,5133007	127,0000000
819,3409700	1,5132186	126,0000000
819,3854320	1,5131365	113,0000000
819,4298940	1,5130544	118,0000000
819,4743560	1,5129723	115,0000000
819,5188180	1,5128902	119,0000000
819,5632800	1,5128081	120,0000000
819,6077420	1,5127260	119,0000000
819,6522040	1,5126440	126,0000000
819,6966660	1,5125619	120,0000000
819,7411280	1,5124799	115,0000000
819,7855900	1,5123979	116,0000000
819,8300520	1,5123158	115,0000000
819,8745140	1,5122338	117,0000000
819,9189760	1,5121518	117,0000000
819,9634380	1,5120698	118,0000000
820,0079000	1,5119878	115,0000000
820,0523620	1,5119059	118,0000000
820,0968240	1,5118239	116,0000000
820,1412860	1,5117419	113,0000000
820,1857480	1,5116600	120,0000000
820,2302100	1,5115780	123,0000000
820,2746720	1,5114961	117,0000000
820,3191340	1,5114142	127,0000000
820,3635960	1,5113323	127,0000000
820,4080580	1,5112504	118,0000000
820,4525200	1,5111685	123,0000000
820,4969820	1,5110866	117,0000000
820,5414440	1,5110047	115,0000000
820,5859060	1,5109228	120,0000000
820,6303680	1,5108410	117,0000000
820,6748300	1,5107591	120,0000000
820,7192920	1,5106773	124,0000000
820,7637540	1,5105954	123,0000000
820,8082160	1,5105136	115,0000000
820,8526780	1,5104318	119,0000000
820,8971400	1,5103500	114,0000000
820,9416020	1,5102682	115,0000000
820,9860640	1,5101864	117,0000000
821,0305260	1,5101046	116,0000000
821,0749880	1,5100228	116,0000000
821,1194500	1,5099411	123,0000000
821,1639120	1,5098593	131,0000000
821,2083740	1,5097776	117,0000000
821,2528360	1,5096958	124,0000000
821,2972980	1,5096141	113,0000000
821,3417600	1,5095324	119,0000000
821,3862220	1,5094507	122,0000000
821,4306840	1,5093690	116,0000000
821,4751460	1,5092873	114,0000000
821,5196080	1,5092056	119,0000000
821,5640700	1,5091239	120,0000000
821,6085320	1,5090422	132,0000000
821,6529940	1,5089606	128,0000000
821,6974560	1,5088789	127,0000000
821,7419180	1,5087973	129,0000000
821,7863800	1,5087156	129,0000000
821,8308420	1,5086340	122,0000000
821,8753040	1,5085524	118,0000000
821,9197660	1,5084708	122,0000000
821,9642280	1,5083892	125,0000000
822,0086900	1,5083076	126,0000000
822,0531520	1,5082260	126,0000000
822,0976140	1,5081445	119,0000000
822,1420760	1,5080629	111,0000000
822,1865380	1,5079814	120,0000000
822,2310000	1,5078998	118,0000000
822,2754620	1,5078183	122,0000000
822,3199240	1,5077368	122,0000000
822,3643860	1,5076552	115,0000000
822,4088480	1,5075737	117,0000000
822,4533100	1,5074922	130,0000000
822,4977720	1,5074107	119,0000000
822,5422340	1,5073293	121,0000000
822,5866960	1,5072478	118,0000000
822,6311580	1,5071663	127,0000000
822,6756200	1,5070849	120,0000000
822,7200820	1,5070034	117,0000000
822,7645440	1,5069220	123,0000000
822,8090060	1,5068405	117,0000000
822,8534680	1,5067591	114,0000000
822,8979300	1,5066777	113,0000000
822,9423920	1,5065963	121,0000000
822,9868540	1,5065149	121,0000000
823,0313160	1,5064335	118,0000000
823,0757780	1,5063522	122,0000000
823,1202400	1,5062708	128,0000000
823,1647020	1,5061894	119,0000000
823,2091640	1,5061081	120,0000000
823,2536260	1,5060267	116,0000000
823,2980880	1,5059454	111,0000000
823,3425500	1,5058641	122,0000000
823,3870120	1,5057828	120,0000000
823,4314740	1,5057015	122,0000000
823,4759360	1,5056202	113,0000000
823,5203980	1,5055389	113,0000000
823,5648600	1,5054576	110,0000000
823,6093220	1,5053763	115,0000000
823,6537840	1,5052951	116,0000000
823,6982460	1,5052138	115,0000000
823,7427080	1,5051326	122,0000000
823,7871700	1,5050513	119,0000000
823,8316320	1,5049701	113,0000000
823,8760940	1,5048889	116,0000000
823,9205560	1,5048077	111,0000000
823,9650180	1,5047265	114,0000000
824,0094800	1,5046453	119,0000000
824,0539420	1,5045641	123,0000000
824,0984040	1,5044829	120,0000000
824,1428660	1,5044018	114,0000000
824,1873280	1,5043206	114,0000000
824,2317900	1,5042394	114,0000000
824,2762520	1,5041583	119,0000000
824,3207140	1,5040772	118,0000000
824,3651760	1,5039961	118,0000000
824,4096380	1,5039149	115,0000000
824,4541000	1,5038338	117,0000000
824,4985620	1,5037527	128,0000000
824,5430240	1,5036717	117,0000000
824,5874860	1,5035906	124,0000000
824,6319480	1,5035095	115,0000000
824,6764100	1,5034284	113,0000000
824,7208720	1,5033474	110,0000000
824,7653340	1,5032663	115,0000000
824,8097960	1,5031853	117,0000000
824,8542580	1,5031043	116,0000000
824,8987200	1,5030233	119,0000000
824,9431820	1,5029423	120,0000000
824,9876440	1,5028613	120,0000000
825,0321060	1,5027803	121,0000000
825,0765680	1,5026993	116,0000000
825,1210300	1,5026183	117,0000000
825,1654920	1,5025373	117,0000000
825,2099540	1,5024564	122,0000000
825,2544160	1,5023754	119,0000000
825,2988780	1,5022945	122,0000000
825,3433400	1,5022136	113,0000000
825,3878020	1,5021327	115,0000000
825,4322640	1,5020517	120,0000000
825,4767260	1,5019708	121,0000000
825,5211880	1,5018899	114,0000000
825,5656500	1,5018091	119,0000000
825,6101120	1,5017282	123,0000000
825,6545740	1,5016473	117,0000000
825,6990360	1,5015664	119,0000000
825,7434980	1,5014856	116,0000000
825,7879600	1,5014048	113,0000000
825,8324220	1,5013239	113,0000000
825,8768840	1,5012431	116,0000000
825,9213460	1,5011623	114,0000000
825,9658080	1,5010815	123,0000000
826,0102700	1,5010007	119,0000000
826,0547320	1,5009199	122,0000000
826,0991940	1,5008391	122,0000000
826,1436560	1,5007583	123,0000000
826,1881180	1,5006776	120,0000000
826,2325800	1,5005968	120,0000000
826,2770420	1,5005161	119,0000000
826,3215040	1,5004353	113,0000000
826,3659660	1,5003546	115,0000000
826,4104280	1,5002739	110,0000000
826,4548900	1,5001932	115,0000000
826,4993520	1,5001125	117,0000000
826,5438140	1,5000318	120,0000000
826,5882760	1,4999511	117,0000000
826,6327380	1,4998704	119,0000000
826,6772000	1,4997897	125,0000000
826,7216620	1,4997091	121,0000000
826,7661240	1,4996284	119,0000000
826,8105860	1,4995478	118,0000000
826,8550480	1,4994671	112,0000000
826,8995100	1,4993865	119,0000000
826,9439720	1,4993059	125,0000000
826,9884340	1,4992253	118,0000000
827,0328960	1,4991447	121,0000000
827,0773580	1,4990641	122,0000000
827,1218200	1,4989835	120,0000000
827,1662820	1,4989029	117,0000000
827,2107440	1,4988224	118,0000000
827,2552060	1,4987418	121,0000000
827,2996680	1,4986613	119,0000000
827,3441300	1,4985807	117,0000000
827,3885920	1,4985002	118,0000000
827,4330540	1,4984197	116,0000000
827,4775160	1,4983392	113,0000000
827,5219780	1,4982587	117,0000000
827,5664400	1,4981782	114,0000000
827,6109020	1,4980977	118,0000000
827,6553640	1,4980172	117,0000000
827,6998260	1,4979367	116,0000000
827,7442880	1,4978563	119,0000000
827,7887500	1,4977758	118,0000000
827,8332120	1,4976954	114,0000000
827,8776740	1,4976149	114,0000000
827,9221360	1,4975345	119,0000000
827,9665980	1,4974541	118,0000000
828,0110600	1,4973737	112,0000000
828,0555220	1,4972933	123,0000000
828,0999840	1,4972129	119,0000000
828,1444460	1,4971325	119,0000000
828,1889080	1,4970521	122,0000000
828,2333700	1,4969718	109,0000000
828,2778320	1,4968914	120,0000000
828,3222940	1,4968111	114,0000000
828,3667560	1,4967307	119,0000000
828,4112180	1,4966504	120,0000000
828,4556800	1,4965701	114,0000000
828,5001420	1,4964897	114,0000000
828,5446040	1,4964094	123,0000000
828,5890660	1,4963291	122,0000000
828,6335280	1,4962489	122,0000000
828,6779900	1,4961686	116,0000000
828,7224520	1,4960883	118,0000000
828,7669140	1,4960080	112,0000000
828,8113760	1,4959278	115,0000000
828,8558380	1,4958475	117,0000000
828,9003000	1,4957673	119,0000000
828,9447620	1,4956871	124,0000000
828,9892240	1,4956069	118,0000000
829,0336860	1,4955266	115,0000000
829,0781480	1,4954464	119,0000000
829,1226100	1,4953663	126,0000000
829,1670720	1,4952861	122,0000000
829,2115340	1,4952059	118,0000000
829,2559960	1,4951257	116,0000000
829,3004580	1,4950456	114,0000000
829,3449200	1,4949654	116,0000000
829,3893820	1,4948853	117,0000000
829,4338440	1,4948051	115,0000000
829,4783060	1,4947250	116,0000000
829,5227680	1,4946449	118,0000000
829,5672300	1,4945648	117,0000000
829,6116920	1,4944847	115,0000000
829,6561540	1,4944046	117,0000000
829,7006160	1,4943245	117,0000000
829,4000000	1,5498025	114,0000000
